Age,Income,LoanAmount,Tenure,InterestRate,BankLiquidity,NPLRatio,GDPGrowth,Inflation,Default,Sector_Manufacturing,Sector_SME,Sector_Salaried,Sector_Trade
59,1938.2208696984183,20639.94704447315,9,20.940876964050904,26.01563840651221,9.85777168120482,1.5,9.543810155016251,0,0,0,0,1
49,3344.3295134691575,22783.248930599082,57,14.03320619433404,42.433122248451696,8.970276900988841,3.5,11.416265051891898,0,0,0,0,1
35,3198.2332561446924,13532.641403812904,16,5.648980666259387,28.769484090101006,7.274852773308696,1.5,11.950057318354508,0,0,0,0,0
63,3682.72400936357,17477.88124606763,36,9.533073066068376,35.882454459516296,12.122145979981402,2.0,5.803074733950371,0,1,0,0,0
28,1950.231943506358,16585.943064941166,48,11.146089849059226,29.07694606199226,16.717037338440505,5.0,10.887176878812252,0,0,0,1,0
41,2519.5525521989366,15665.320098650867,37,12.504282796869031,45.56307388480274,20.010731065634367,2.0,9.997955771670414,0,0,0,1,0
59,3611.2537396033267,25063.694012078613,32,14.581146965498649,34.90079628251496,13.141597506886747,5.0,7.631443482669061,0,1,0,0,0
39,4496.79246627807,16403.39169419775,35,5.0,35.47655771919192,12.559974970545738,1.5,9.790568829466938,0,0,0,1,0
43,4159.1064095515085,28140.00983267345,48,15.747217569910614,35.66306538733587,9.826107570985828,-1.0,6.504025504411825,1,1,0,0,0
31,3098.465845383357,41305.458800958586,7,10.779637966700463,24.44886263672288,10.493733514035956,1.5,5.467216810378948,0,0,0,1,0
31,2415.125971294623,17635.670078827607,54,20.562090286404235,25.367608630774647,14.516700364202812,3.5,10.200544748923084,0,0,0,0,0
44,3484.5846704151663,21218.524108612994,14,13.919293117024102,37.69245639559975,10.740498671747682,1.5,12.706231070186728,1,0,0,1,0
56,1690.3314752478354,23035.85645732406,33,18.77138468693092,31.264128294336174,11.350870211330344,5.0,8.958127785539926,0,0,0,0,1
60,2019.5982728869271,34492.03850074813,36,19.44139591965717,18.223889921882268,11.898610900998303,2.0,7.117812208576972,1,1,0,0,0
44,4811.725574951548,19338.81771969449,39,19.333092973864865,48.731044246247805,9.636687556370095,-1.0,7.584103643236001,0,0,1,0,0
23,3482.4413760563066,13367.864642733099,20,12.734373028150058,39.780718672971,11.700082963689795,1.5,11.646833553299658,0,0,1,0,0
42,2582.967919472454,9869.275954994366,53,12.683199369114705,30.37626323845019,5.0,1.5,15.002155653827792,0,1,0,0,0
22,3994.966421502322,19536.128420542125,30,14.10010680284674,27.26499018200035,14.19534353207385,2.0,12.31136857428189,1,0,0,0,0
44,4544.369956619513,16412.958247568942,41,17.544949501515703,31.98675857530083,21.40708735588822,-1.0,13.902375697745672,0,0,0,1,0
64,2466.4349301052316,36080.074314400015,13,12.95721892098335,35.17520099157427,9.791825539347734,1.5,6.857128906689494,1,0,0,0,0
50,2487.1104690606294,34158.89936541573,14,14.522950105639008,10.0,13.495348580006679,1.5,9.778210249795588,0,0,1,0,0
58,2336.8250719835933,11725.017376611217,42,16.0943752653578,51.12349709485754,15.40630528098474,5.0,13.056072551273223,1,1,0,0,0
22,4156.620382458434,14313.919171606572,53,11.380432295808534,22.1011569083308,17.120861090869845,5.0,5.802467256318303,0,1,0,0,0
41,4168.268937024149,20590.16086309509,50,11.127566846683528,29.980943670112428,10.942714045039283,3.5,8.024880359120765,0,0,0,0,0
53,4663.083985549319,31177.811380470102,44,14.366944474384038,30.34866882779146,5.0,2.0,12.826057471124598,1,0,0,0,0
32,4210.323539818603,20456.10509096841,37,14.896715259806566,49.968502186888514,13.068927803395052,-1.0,10.775277312365047,1,0,0,1,0
42,1041.3383046857775,14822.074896095628,57,16.735541920006572,29.118761589933055,12.514514762617708,1.5,7.10466720315195,0,0,0,0,1
64,3337.157185101839,19528.9455207782,22,17.687546299806222,45.885072943536294,10.61733450129599,1.5,5.107535778379269,0,0,0,0,1
45,1729.9375165835374,14972.121088831627,40,10.603748717713405,34.06727469461114,11.465951508462638,3.5,14.011945544095019,0,0,0,1,0
47,2384.5027500343012,24819.817675515857,42,11.751660272225742,20.38115137794051,12.574721780070925,1.5,5.0,0,0,0,0,1
62,3204.713044297036,14327.730306682359,24,11.116990849747593,31.347074681028044,13.4470479684154,2.0,11.897185536910914,0,0,1,0,0
48,4002.6784780198846,15916.511580584265,49,20.649789606365687,28.814912782850875,13.279238840959671,3.5,8.400866693839909,0,0,0,0,1
36,1930.9879890587067,29295.47050764877,34,14.518917639189858,19.15929515095771,11.129257361995485,2.0,13.141204949090051,0,0,0,1,0
35,500.0,13853.080421487422,12,15.064517180980085,33.57722769472242,13.537115339943805,3.5,6.873555100573291,0,0,0,0,1
64,3216.6370101665175,8430.975739518703,33,15.231097456054052,30.221027498498557,10.859876606900553,1.5,17.844396806085307,0,1,0,0,0
23,6172.285900078261,20759.950010850436,14,12.137319945129443,35.564217054585406,14.56810200614128,3.5,11.206896567065145,0,0,0,0,0
57,2756.584536395817,17116.21276636323,33,21.257078075784122,31.93352779598315,9.490228658093997,5.0,11.701207656356768,0,0,1,0,0
27,3056.2985219403104,24091.32400743963,11,16.64410661927491,23.488971029859297,12.29223276859825,-1.0,7.680858439669472,0,1,0,0,0
41,5138.596342243294,22539.77547784872,34,15.158362119111796,37.683339922903144,5.505045671531081,1.5,9.599858997403521,0,1,0,0,0
29,3708.329542874146,19744.652042853104,22,10.578974315397737,23.75601719746421,10.52035812217141,-1.0,9.677652781731458,0,0,0,1,0
59,3260.233244379526,19511.652596240034,21,10.35227003337502,10.0,14.269954884519915,1.5,15.38820498775505,0,0,0,0,0
38,3530.5399983761677,14113.13240541732,28,13.764369873576927,31.286529479542168,7.865060533167726,-1.0,11.20173031428336,1,0,0,0,0
24,3300.2927190883784,20666.776567945944,36,12.20003282571268,24.459262727660104,10.719598094599665,5.0,11.631489119209716,0,0,1,0,0
45,1632.2946862119527,27050.27825146215,8,10.730222617813792,33.82130504396635,5.0,-1.0,11.597946629445593,1,0,0,1,0
34,1390.265810640363,12212.42606880419,26,13.516167921713778,49.98871735939714,6.527703565872043,3.5,11.88583269725379,0,0,1,0,0
29,5264.193734549084,19956.820989107724,31,14.134287886896443,50.27739693148058,7.574101775544393,-1.0,5.831639470771631,0,0,0,0,1
46,3220.660022286189,28307.110045876892,41,15.567141681841079,28.348770777781603,12.407004203086554,1.5,16.147804324110144,0,1,0,0,0
22,3120.114531095638,24043.392745733596,47,12.984322114502948,21.734848287539442,13.33363604957085,2.0,7.367534283415121,0,0,1,0,0
40,2891.7268031325484,30475.783170805706,42,10.969597221359876,35.84683281917922,11.775777736239212,-1.0,9.884786992992739,0,1,0,0,0
48,3937.287921139743,15454.861361325324,58,11.108316456035013,26.297744081336454,10.469626468450487,-1.0,14.594448692564884,0,0,0,1,0
27,6046.429322084983,5353.852412841072,27,19.85189091690475,33.917765223469424,10.48359300660501,-1.0,15.803875890212083,0,0,0,0,1
64,3628.7432005293526,21605.214431645498,47,9.992969254553032,23.391392377731457,14.864182996161977,1.5,12.417862239194424,0,0,0,1,0
28,2294.2958084225365,22900.56652021188,17,16.45272919316508,32.50692416022752,12.851279387532212,-1.0,8.48591593076336,0,0,0,0,1
55,2839.918970530147,30947.3756357814,47,17.078185319097585,21.880258477065237,10.66421761477855,1.5,10.3832036588329,0,0,0,0,1
34,4285.195760646306,29505.16587765587,18,14.514898096657324,41.84253416031466,17.173197980965035,1.5,10.500901837323564,0,1,0,0,0
37,2300.639278304403,24293.94898409969,16,22.071316233620713,24.100223092473875,19.799900163984404,2.0,10.607171371927402,1,0,0,1,0
56,4022.6957868363215,26123.12171336347,59,17.006875972110798,36.61102535734969,7.017030199065319,3.5,6.309840917762608,0,0,0,1,0
60,500.0,18465.428334346885,21,22.371612193218603,17.35232716814481,14.090040280842047,1.5,13.780328597186461,0,0,1,0,0
24,2724.144514264336,10247.083109446266,13,12.39574399234051,37.81173856610691,24.35955843074554,5.0,10.403766927813336,0,0,0,1,0
22,3753.768016176803,20941.769739047282,45,12.464218360426326,20.336159307317995,13.120822164200778,-1.0,7.8333436931501765,1,0,1,0,0
26,4524.150655890859,27860.587709022217,45,17.11014863472006,32.61176806974509,12.461770544657107,5.0,8.504820736757676,0,0,0,0,0
62,2017.8309395491306,25250.886958628387,50,13.954137450723188,40.23200973347986,11.777064240425545,-1.0,10.809550106526139,0,0,0,0,0
24,1196.6819788432758,26670.45871327492,7,21.74266169956807,28.00017101443221,13.960726069962966,2.0,5.79128005132478,0,0,0,0,0
49,2687.1178021298174,16577.954503625984,35,16.36680153452375,19.70833089254067,15.019596666199531,1.5,12.63530522849787,0,0,0,1,0
38,1649.4971907037334,17875.62529585261,35,10.821703120573137,34.96812507135921,7.0209325033232695,3.5,10.704190907229226,0,0,0,1,0
46,2821.155999924564,23867.403904916828,17,8.052734365823898,21.59018601013452,11.894065486844685,1.5,14.697068851078278,0,0,1,0,0
64,2992.0158544425153,15627.940843929964,15,14.687045630626942,25.95754400802771,5.0,-1.0,10.232751163403712,1,0,0,0,1
54,1417.0259457576662,15874.263440535982,49,14.643507481867065,32.65462659495727,11.162733533514,3.5,6.7441961806433515,0,0,1,0,0
30,3965.326932133038,22383.857891019612,16,16.25506369323355,43.60676036107705,8.389245624711709,1.5,6.406590430367993,0,0,0,0,0
56,2811.343327962659,26087.237945255263,20,19.84276229502361,30.26553353799469,13.356710316541937,3.5,8.827883158262715,0,0,1,0,0
34,4296.55184280642,18403.77061336473,21,19.31645321597571,30.228575098451234,5.374477891435897,-1.0,9.145285700135407,0,0,0,0,1
51,786.1137116446876,10694.48431157089,22,12.684395870654269,37.37512893622851,9.95073075816362,2.0,8.298214856027254,0,0,0,1,0
35,1779.3693953455313,14113.568679657361,31,9.824722392782315,30.503718966729966,15.866177002082448,2.0,10.385441598755305,0,0,1,0,0
28,3620.0031703777477,21629.376679144785,7,10.063515459963718,36.35530199832898,9.294667394223,1.5,8.22206891834297,0,0,0,0,0
34,2041.0673150096818,21532.16771092772,55,12.052793178714486,40.78533546062947,5.0,5.0,10.762617683272717,0,0,0,0,0
43,2802.5572103403647,21929.905101242784,17,13.533073807843923,26.722628497320006,13.030132612515938,-1.0,8.438054752995193,0,0,0,1,0
60,3000.8389410686095,24170.36232476605,56,16.220248555860667,10.0,9.653884027629456,1.5,11.895111123203714,0,0,1,0,0
41,3189.907177144041,20046.4844683396,31,11.796129612416081,21.820729064145336,11.256458255708413,1.5,9.069703619869529,0,0,0,0,1
36,2186.9205447195513,22120.448358722497,28,16.121567884453256,42.08682010835303,9.080521654149631,2.0,13.738620016802297,0,0,0,1,0
38,3179.1438761669733,19639.785417369065,23,16.44816058343621,29.66235218602346,19.897586977920117,3.5,11.95688409936896,0,0,1,0,0
44,2060.9475537186236,29189.86786343551,37,15.573375530383558,26.60869729072101,5.767709056585947,-1.0,10.580756019435116,0,1,0,0,0
46,3809.1365624961304,31458.736249740014,54,10.48550801194922,41.66784993203208,23.333982447577093,3.5,9.376968200080274,0,0,0,0,0
45,2862.1871766203717,10487.909740959723,43,16.871306900943832,28.98675083770104,10.437453876994592,-1.0,5.4429708240141315,0,0,0,0,1
61,3186.0439483146224,17957.984463181972,52,23.325078515066892,10.0,12.733786304872542,5.0,14.240648214021766,0,0,0,0,1
49,6083.9122076284,20261.795932325662,8,15.983587307651618,14.946979389916565,9.700814329582066,2.0,7.957668764748101,0,0,0,0,1
35,1671.474654479974,17864.68230388543,43,5.0,34.18648020816906,9.533465760578183,5.0,10.272196403206658,1,0,0,0,0
21,4666.298722848345,34343.38073064698,8,19.96351828818761,29.331090584052735,8.860680386269468,1.5,11.031412970607647,0,0,1,0,0
45,500.0,21791.642224717878,35,12.189008893202454,44.546564788292216,14.405031848174541,2.0,9.449465321265823,0,0,0,1,0
27,505.94801409726824,13557.025383597249,6,24.06285076198277,22.667313161958234,6.356801225491775,1.5,14.063803163074082,0,0,1,0,0
29,1511.2319067749152,24771.538716485367,35,15.465453805463842,26.904992379962053,13.456434176970674,5.0,6.33588724777376,0,0,0,1,0
44,1586.9659616700762,22167.796310769543,50,8.261197224056698,21.1549692693998,5.0,-1.0,15.201804420962013,1,0,0,0,1
21,3244.4421577666194,22433.543356427374,37,6.74121004016499,24.79405822319547,13.094115084567054,1.5,12.014672672524949,0,0,1,0,0
64,3347.8107170021613,34463.00927039352,33,21.158963050703512,11.080960987463762,15.396570423728765,3.5,9.260738239496591,0,0,0,0,1
28,2694.2144779531627,22806.281406038474,26,19.423619943669088,26.143153359494683,6.901923570770522,-1.0,9.294310018206135,0,1,0,0,0
44,2820.1464398850458,17570.707809008032,51,23.90407554306676,29.481311362300982,14.714970406874976,-1.0,5.0,1,0,0,0,1
31,3633.3177131179928,4357.788589519192,18,15.043697942294221,28.63669157534316,12.205541642497286,5.0,7.4553016894956965,0,0,0,0,1
37,3999.8686531448902,18676.807854851904,32,14.773880466481279,51.4955326373281,18.393705821431357,5.0,8.93828873496087,1,0,0,1,0
28,1408.1531806682892,30447.75933861751,41,13.46912483136577,48.334845771769814,8.57917447075564,2.0,10.528314928092723,0,1,0,0,0
55,2565.7308345203955,19270.647043550503,12,12.366839034963117,22.491005290389147,23.26394361489092,2.0,13.77874373335668,0,0,0,0,1
55,2916.4922125043877,2079.600811843975,27,13.430281782168738,10.0,5.0,3.5,16.112636874486853,0,0,0,0,1
53,3582.3791958725437,16013.100862460427,15,15.869853329296118,29.007996470684432,10.681984797455497,-1.0,10.81680129640772,1,1,0,0,0
25,2072.799429271835,27941.508311302336,44,11.624396852351593,33.7651013817062,5.205721157508267,3.5,10.616827936428898,1,1,0,0,0
62,2892.934589287596,24366.53739649612,58,8.322842612504065,21.395159266171646,19.404216707399065,3.5,8.528944697464395,0,0,1,0,0
59,3035.9803614325892,13280.952827914116,20,15.639506536056711,21.89024366074277,10.953196024736654,5.0,5.0,0,0,0,1,0
61,2154.635875848564,15477.721788807346,20,11.535217605226272,45.825549693125325,11.31325969052287,3.5,8.18264042138435,0,1,0,0,0
48,2126.021820062537,16714.330727180666,9,5.0,27.42448428854696,13.772952392340851,3.5,9.38349676076193,0,1,0,0,0
27,3118.4949331648018,14698.289825096559,37,17.210269562628042,36.622501856957385,11.98077925469085,1.5,12.926183261995487,0,0,0,0,0
29,2843.58582481535,3762.6090580833425,28,10.567763847531886,20.69694302145555,9.624953774394662,2.0,11.55854359474584,0,1,0,0,0
28,3600.573023304759,26108.728804958846,11,17.64715781876294,29.43059541275207,6.973410997483807,2.0,10.66463567170318,0,0,0,1,0
32,1736.0895352260047,30056.479653512746,29,17.551392426063927,26.63661646365487,12.674053609333717,-1.0,8.25759971953224,0,0,0,0,1
54,2579.1821665454554,7852.408448282078,25,16.13436004609133,23.24626761196712,13.515334530757913,2.0,5.0,0,0,0,0,1
53,2724.9407381356896,29950.823460690517,42,24.987271361425982,41.55300411521693,14.781508945606916,-1.0,5.0,0,0,0,0,1
43,3976.6366897483263,19175.814388822273,25,14.44779260011049,16.11122990366986,19.65090740122609,1.5,5.008790599173965,1,0,0,0,1
44,1871.5034705185171,29801.058785342997,17,13.857441730005647,33.000568255112896,5.0,2.0,9.123979971385847,0,0,0,0,0
57,3281.5824061861035,20303.603490323567,38,17.734689685667668,26.44878344509501,11.729131210589182,1.5,12.98213331315397,0,1,0,0,0
55,3303.306609045464,21084.35673726904,33,14.778210551544829,34.14824482035874,16.76695134328571,2.0,12.901196709882651,0,0,0,0,1
64,4975.676691215968,22979.4771758577,13,19.641974149576036,26.584233677816425,11.501910302244541,2.0,12.38114728623231,0,0,1,0,0
60,1791.4927628324867,13679.469398917774,6,9.924776369697911,38.671930619189396,5.0,1.5,8.45471354944588,0,0,0,0,1
42,2211.320018259007,29557.393154624173,42,9.99130221014264,20.60297401747848,6.835841700600317,3.5,13.43278949835133,0,1,0,0,0
47,1875.1731813320148,11028.954895401721,27,18.06323796530487,41.57553191675312,13.314279398709278,3.5,7.20678827113047,0,0,0,0,1
55,996.26499351792,16783.466043866636,11,10.340756242645586,29.711973053255786,13.168789179533363,3.5,12.560180316576629,1,0,0,0,0
21,5117.624321115262,24194.11742114535,26,17.436394425770857,16.714974709848764,14.690078793364084,3.5,5.0,0,0,0,1,0
55,1510.198522861053,15926.43807611629,37,16.48001138484146,36.80215455902823,8.875964225807262,2.0,6.468663268338345,0,0,0,1,0
57,2020.4335091341852,26220.24992651955,40,12.222046855889348,28.011502564823488,13.03953293967719,5.0,14.95784518291169,1,1,0,0,0
34,4578.919809938592,31006.929385471652,20,16.468680640933737,12.92162073860456,8.216546768414702,1.5,9.388496158512387,0,0,0,1,0
23,896.2715436741419,28100.368008430694,10,10.061630216863042,33.3246808375887,13.039831974574764,5.0,7.957090421750652,0,0,0,1,0
21,3907.6218831448577,4511.077490571028,51,11.000400294945198,40.065957152777,12.212848788414158,5.0,13.308276125996962,1,0,1,0,0
25,1304.370785589867,21006.77575695486,55,14.051249046351737,42.82135740360131,8.716559919348382,-1.0,13.652114870671817,0,1,0,0,0
46,4496.033683835504,28229.460885571134,53,15.315711276288884,26.216481174002336,18.23273452305075,3.5,8.700157575702331,0,1,0,0,0
34,500.0,9466.009225423544,11,13.78544585204857,31.45318055325738,5.177456199350452,2.0,10.83539035882641,1,0,0,1,0
59,895.8367004992047,25788.884697831,30,16.732463855492444,30.505363427929115,11.43351606795789,3.5,10.410722276221431,0,0,0,1,0
47,2346.0933180493093,25339.686253114498,51,16.553865660193164,44.89802631571354,8.62837774270276,3.5,5.0,1,0,0,1,0
29,4166.187228207283,10303.280864493878,45,21.117467233392578,21.89511417626683,19.336808143425095,5.0,5.812419763708817,0,0,0,0,0
35,2962.850099236112,26673.861325921287,34,14.618858611419983,25.353405477954585,14.393592030481676,-1.0,12.82676324254623,0,0,0,0,1
35,2597.141912536115,22181.582348239477,12,19.778253724736516,21.652796905501937,9.402758498518441,3.5,7.50218725287175,0,0,0,0,0
46,4615.25304895766,25203.05430977015,45,18.682902051575574,15.508494768871131,10.88113884271851,1.5,11.589513688195192,1,1,0,0,0
62,5586.287446119688,12269.50091387894,18,24.175909133172592,32.47787181052082,19.445029495922114,1.5,10.7891213540366,0,0,1,0,0
33,3806.7087412965266,21201.088930971076,43,14.490967920390903,46.01298331777588,8.214897473079878,3.5,13.646298310383646,0,0,0,0,1
52,2252.57459627846,6360.971566941411,23,13.318565114188047,28.01515541484939,5.0,5.0,5.90862553477643,0,0,1,0,0
59,2498.2283591888736,2000.0,7,20.030776888974934,21.181033784568655,13.164027449855256,5.0,11.182617522883756,0,1,0,0,0
52,1453.8631442912101,21126.627412222,13,16.54173028696505,31.868597022320685,13.25456146963128,2.0,9.803756625593667,0,1,0,0,0
24,3120.9809067048627,28804.78085409048,16,20.1266368671356,35.89118178772656,14.66413829355944,-1.0,7.630676977975158,1,0,1,0,0
50,1044.4884168284075,22023.49451412064,38,17.867195191958,28.436368625634277,14.69050304348781,5.0,7.609610769162286,0,0,1,0,0
57,3662.236386371401,19492.431488446833,59,6.572951634402017,44.03535331954177,19.082822602935195,2.0,10.68244264247699,0,0,1,0,0
43,5406.688854767945,18499.727039561014,43,16.505287108124733,21.87638105712478,5.127450038495857,1.5,11.889010513155375,0,1,0,0,0
59,3861.1098957516597,12459.476868455475,53,16.24486359180596,27.130303634876373,7.188787221418668,1.5,10.190788847632884,0,0,0,1,0
35,2437.0227357660783,18225.112769637548,32,15.532427609855851,32.95987904842962,14.64881333578475,1.5,10.284142755571835,0,0,1,0,0
63,3632.3248951581486,23373.475746115557,25,14.471027783506468,33.92963752617827,7.577497993142239,3.5,8.504516787891928,0,0,0,0,1
49,4944.640134199052,16518.222137594974,17,8.631425888822688,30.472280922981607,6.1736481069625455,-1.0,8.703442548850827,0,1,0,0,0
56,4884.593562313366,26004.69483068621,48,18.49670766895329,17.215800776428516,19.463378209141084,2.0,7.6225889249263075,0,0,0,0,0
33,1795.490530123955,21567.80027091682,36,16.49507371237398,53.3801140420633,5.520231473342851,-1.0,8.444195044914915,0,0,0,0,0
52,3612.355667498788,22535.835342187253,32,19.4078267895897,27.640300849539003,10.594911851557418,3.5,11.784026775504993,0,0,0,0,1
27,2810.278211915762,27109.30202840768,37,8.844977902898988,31.102675185846568,11.762530195074381,2.0,12.119216873301546,0,0,0,1,0
42,3967.911897496424,15785.956538760076,15,17.028537958181072,36.167610931729804,17.23654656785311,2.0,6.172373152581588,1,0,1,0,0
48,3460.336744580125,25275.04468949561,8,14.061362649813749,23.634946373504704,5.0,5.0,7.3106899741552045,0,1,0,0,0
22,500.0,16908.186261984207,50,15.575152039702118,30.56926420870776,13.661900606024997,-1.0,7.868805928992426,0,0,1,0,0
62,2582.3842964437936,22716.11587055072,32,14.107361463276437,23.228097623467058,8.43849176695969,-1.0,9.807889414700753,0,1,0,0,0
26,3238.2700354755502,14833.829194907452,40,17.17443170992052,34.15550741474231,14.510444850369801,5.0,5.0,0,0,0,0,0
48,1278.7620394093851,12714.369415482142,36,14.348507516033681,27.239773514444305,8.372769095892563,1.5,7.363278856784977,0,0,1,0,0
48,3697.2264118391827,20734.91796518795,20,10.792340299777244,32.68718527304669,18.28922502474311,3.5,5.843255460933782,0,0,0,0,1
64,1171.1817099275636,4918.399583831062,21,15.345701675144765,19.534626535143985,8.396119926294979,-1.0,11.20144640263035,0,0,0,1,0
64,2041.8731430995358,17629.860451928947,18,14.143301851457998,21.710835659937942,5.0,5.0,9.910975173003205,0,0,0,0,1
40,4609.574303640162,7148.983955126558,54,14.666425515484466,16.34859323143198,8.844603001034795,2.0,8.612357423672892,0,0,0,1,0
50,1939.4666533628779,26233.872274508863,40,5.0,22.894699206737922,10.95479955772442,5.0,6.810168157695936,0,0,1,0,0
31,3688.7603510420104,28400.884768871314,57,17.73054433427482,10.0,16.329415492649236,1.5,8.658710646132416,0,0,1,0,0
48,895.7115385095758,13088.390228633552,16,13.741345530612877,26.928997943121733,6.966340677740317,3.5,8.305923652726236,0,0,0,1,0
45,5497.57758811817,23426.503699787972,26,9.607385703926937,24.657597280370737,7.0454154915436975,1.5,14.903999657559616,0,0,0,0,0
59,2634.535633815291,27193.085709499937,56,18.69025406739257,31.509109636250695,15.842311614835937,2.0,12.99105913474531,1,1,0,0,0
53,3114.3849683372628,27219.753780014267,59,17.54546291101172,30.446077244342895,6.499099528151176,2.0,7.927876222213239,1,0,0,0,1
21,3214.8441558587583,21715.60667177313,16,13.690719214900575,42.5707976848107,11.284066234433237,2.0,10.49558602285737,0,0,0,0,1
47,3729.08023719763,25874.437404491975,35,10.391322481919925,55.94310184774111,11.36539526612395,2.0,12.832625939757987,0,0,0,0,1
33,1176.9840204165876,14805.349504636846,53,15.712122938717489,41.37539013150635,12.870318145371849,5.0,7.926957438111136,0,0,1,0,0
61,2993.596234996004,20664.97972525344,58,15.492424338350437,25.46892410624912,9.000607158469599,2.0,5.74866777708019,0,0,0,0,1
23,2209.477409062372,16263.172745673792,40,18.697337131967128,25.0660925029011,8.292022453301747,2.0,5.0,0,1,0,0,0
59,972.531328706076,14129.696209717089,27,13.225057940558038,38.68663042355715,13.33957776700917,5.0,13.816800759743822,1,1,0,0,0
26,4184.546640154453,20288.50713175702,43,19.779688539459983,13.166553054271677,8.416016587320858,2.0,9.426812855590248,0,0,0,1,0
28,2577.3924196804915,22780.243009264595,36,12.838987986656932,26.84797073836521,6.560123239523302,1.5,10.873975698624097,1,0,1,0,0
47,3291.0245107350233,29308.070143639896,19,9.616672861830313,27.61847064956142,16.911199951406743,1.5,8.27728787404282,0,1,0,0,0
29,3215.814502473671,22121.2442183911,29,10.470868978090875,35.84131484818811,13.95238152551673,-1.0,6.196303244530947,0,0,0,0,0
57,2598.177273148664,25135.44427969241,55,14.750353843457537,36.1386634614078,19.07000958306136,1.5,6.756097525482706,0,0,1,0,0
53,5370.032824356937,25226.265385996303,54,14.73794196376507,22.554394596069706,15.135870604867783,3.5,5.976895623122173,1,0,1,0,0
62,2943.282416845189,41500.27492557568,37,16.311444563003104,25.85627338294816,6.927425393474007,3.5,12.549983243406626,0,1,0,0,0
64,1130.4572187879985,5519.740773819367,41,14.638503875526235,34.45104254832707,12.385476960239982,3.5,14.477683474996152,0,0,0,0,0
44,2519.5423677800186,14496.529065302577,37,18.909274064257318,22.01079344081235,7.937486981127016,5.0,10.111731887425067,1,0,0,1,0
35,3599.6851441345325,31792.448419904642,20,13.955623606149695,42.06118434774283,5.393561613126865,1.5,5.446602720398803,0,1,0,0,0
52,3639.114131244661,17183.89540117221,48,7.014894940514336,36.09175233440241,10.211202427720066,3.5,11.489752572506825,0,0,0,0,0
52,1694.6628776858859,27086.425100813754,40,14.515613246136825,31.715095481948435,15.926131501196485,-1.0,13.794953994977629,0,0,1,0,0
44,4115.379008813724,21840.076190102693,8,6.972885248934075,33.9094059828092,13.099650843150028,5.0,12.915000302450181,0,0,0,0,0
61,884.5596853547518,36841.61920966409,21,16.08556392399079,25.331093830592003,6.436423474964916,-1.0,9.912606854545018,0,0,1,0,0
32,4372.962243139702,11095.564583490304,10,19.228771995939663,23.737085778123813,10.070633699149052,1.5,9.296553290119352,0,1,0,0,0
59,1416.7825330351134,29774.404420150506,26,11.055102054869923,25.75277783861279,11.42853365863208,2.0,9.888501036370808,0,1,0,0,0
22,2728.5057371895887,33996.65044217999,15,20.674226745567402,34.99966692259849,5.2435501841166205,-1.0,13.675747014930149,0,0,0,0,1
23,4277.48241363204,11884.648982656003,24,18.371324978913723,32.010149807086535,14.852689460994448,2.0,12.281096283464146,0,0,0,0,1
57,3143.5268026644835,26262.961948650773,30,19.825920621660217,25.7728554030729,11.085059894964992,5.0,8.842729001130094,0,0,0,0,1
37,3980.038221256284,12276.016113367554,9,15.758255425738524,37.49581743307655,6.43762055627177,-1.0,8.76725417262881,1,1,0,0,0
22,3742.3943516519184,20241.292580281,34,11.028939296992718,28.260535776638463,6.211305625035729,-1.0,8.554914853777944,1,0,0,1,0
22,4543.522336085522,17947.29655854261,24,18.12326171125655,23.06689254410832,16.402655779686445,5.0,6.806102099343096,0,1,0,0,0
48,4274.651821096454,2000.0,48,12.50159637292664,32.54341509298521,10.476747871417123,5.0,14.055514707236158,0,0,0,0,0
43,2455.50682975627,23393.87407769519,7,15.471538024413421,19.86970488377162,16.761408115825645,3.5,7.636528756760684,0,1,0,0,0
57,3759.529960552158,21146.71334084985,15,14.314596028785525,13.127762500642987,18.28862191961086,1.5,11.47082819700026,0,1,0,0,0
52,1168.1377659627042,31832.631787246082,48,19.498783427187583,29.948954244347362,16.089793091423697,-1.0,8.015717085046504,0,0,1,0,0
53,2930.514111194658,24889.14923719634,30,17.921308023693317,23.425862062891163,9.866273013530037,-1.0,8.568328353899913,0,0,1,0,0
21,3982.181681566248,38327.071392630096,25,14.677736806750517,27.458456473301503,5.0,5.0,9.658357699831086,0,0,1,0,0
39,3160.6171850951996,20856.33905662971,53,7.1935712258393885,20.332670818555503,13.251985218139314,5.0,11.635727274502623,0,1,0,0,0
22,3535.967677820503,19155.75958398154,24,12.459090133883196,42.0893213970257,20.366305479114192,1.5,9.222328354643562,0,0,0,1,0
64,2744.07314884105,18525.146794263233,28,17.816889157937666,23.38507256071862,11.858439687304699,5.0,6.582384485148004,0,0,0,0,0
46,4354.883325042171,16483.29031174581,29,16.120441044186336,25.6800062182919,5.0,2.0,10.057243993237302,0,0,0,0,0
52,2903.501071549209,2337.992668939449,16,8.987112262348553,33.77883267583234,9.30048601427953,2.0,7.69998460242511,0,0,0,1,0
26,2441.459781115136,18238.44298393634,51,7.7736481101244435,16.23385701677317,11.26506690093278,2.0,14.631514920743593,0,0,0,1,0
52,4063.820895082865,3457.162188512062,39,15.782036600629826,15.494502267512956,7.608045730320811,2.0,9.220166492582234,1,0,0,0,0
24,1313.808093162648,23616.26675668615,33,10.771771329136897,33.80952835693413,5.0,1.5,7.9960919857865935,0,0,0,0,1
31,3601.2400122208137,10079.517660235326,10,11.156814156649691,25.550523695378306,11.6085969191395,-1.0,15.924402398960028,0,0,1,0,0
37,1749.0181509274337,12845.339015292642,10,17.690430915130616,20.985048931058444,8.860495014569494,2.0,12.21666910732742,0,0,1,0,0
58,4533.512195085798,14644.718441339586,56,19.808955121662695,36.0337317294732,19.09076664359966,5.0,7.309677658587351,0,0,0,0,0
44,2686.7672961038456,18360.519697494037,26,11.997191891854806,21.88078340892007,12.404133951931184,2.0,7.627257820010188,0,0,0,1,0
25,3161.981664983626,20054.946039512295,17,14.820958769551305,27.254877004510757,13.878315587593567,1.5,11.422548943272044,0,0,0,0,1
54,3495.084475972947,28675.836664584567,55,14.703013336062558,21.038695320274872,11.523655426015763,5.0,10.130428903104695,0,0,0,0,0
26,684.3784844230113,15379.75925193957,9,14.343183581213934,33.03437186249824,12.374933212695414,2.0,12.670526628161424,0,0,1,0,0
42,2219.2981901317717,23841.169089778956,59,15.162393904625194,43.32076192716774,5.390802846551426,-1.0,8.011971097025251,0,1,0,0,0
31,4252.255091143865,41846.93786578854,54,18.025995711360626,11.389600706678852,7.839334779114843,5.0,12.10332737439543,0,0,0,1,0
36,4041.318029005066,23018.805622105836,47,12.304302613081617,31.126576887506456,16.35445880527741,5.0,5.0,0,1,0,0,0
53,3339.6386464742595,18556.08168854693,25,8.898889861935734,38.565884418863504,12.837847878920787,-1.0,9.536674392223684,1,0,0,0,0
29,1380.643714289372,13766.786784573622,43,21.76003973441504,25.78522252694227,10.405972328469945,5.0,8.148462561967804,0,0,1,0,0
26,3702.604153030295,18445.347636637372,30,19.357687697960202,18.689576257041146,13.944684965863496,2.0,8.634860137997741,0,0,0,0,1
36,3856.0795082465347,12910.237251124752,19,10.585448515002408,34.20963527127404,14.023447639362374,5.0,9.691376061621764,0,1,0,0,0
49,3056.420655748494,22149.29141347018,16,15.542528035103814,40.016535033771,19.96357853177683,2.0,13.415510918781088,0,0,0,0,1
23,4467.805140709748,20828.353109115145,37,19.04280865834444,38.90522177645469,12.65226537554231,-1.0,6.537880362036859,0,0,1,0,0
40,2179.8818518438525,2702.2462326576533,16,17.996175778104156,33.659093379148274,7.749969697958797,3.5,5.0,0,1,0,0,0
56,2388.17090700003,19851.53595387146,23,16.84805323971714,30.979137376086417,11.53721406833733,-1.0,6.88583928666516,0,0,0,0,1
39,500.0,28609.170501120105,32,14.319092433633024,21.00987444615699,14.430262508485507,2.0,13.06730779578448,0,0,0,0,1
46,4103.793012177196,16807.105182378,59,21.90921570024783,38.65244950343942,15.98263604571481,1.5,5.065025993525276,1,1,0,0,0
23,3376.634356164161,14776.825820707503,23,15.88343548983784,38.099568133525075,5.539872511488483,-1.0,8.28415707824537,0,0,1,0,0
39,981.815609840125,8978.393815065181,28,12.940162962717238,18.61941681344733,13.014826877967252,1.5,12.518732124435495,0,0,0,0,1
40,889.6812000070231,5136.063667004764,16,18.484302915382383,33.644797278464914,8.410980290007535,1.5,9.824714370236938,0,0,0,0,0
52,1952.8432471547872,26650.794136506032,26,15.38423456780568,36.528238755197854,9.73347230152223,2.0,13.386120162550961,0,1,0,0,0
27,3952.3895303764243,18548.173363366433,49,16.39919090901449,38.82113772075507,15.383358496973567,2.0,5.0,0,0,0,1,0
61,2639.567414293646,26176.172496027382,10,15.81259680636483,29.250103808727793,14.984994157727595,3.5,9.035172737406953,1,0,0,1,0
53,2034.2557000076101,32250.589956635755,28,16.98710229506764,21.42432425853856,9.287390155209764,5.0,14.011531499064997,0,0,1,0,0
60,1792.660928299805,27369.98147928276,46,11.086174986403172,24.97883820135955,11.368631915839668,-1.0,6.619355061603505,0,0,0,0,0
59,1738.9056506061756,15661.021428489634,30,9.195574451319967,19.927501415440386,9.855672819516586,2.0,13.104429530164259,1,0,0,0,1
38,679.5860386709278,21158.941317260444,46,20.736530892934336,29.48939334885018,23.56681195982707,-1.0,9.292928850819514,0,0,0,1,0
60,1551.1250020243506,15081.817078744654,59,15.998338247156678,27.531146034313096,13.11343266578145,1.5,11.302388275167768,0,0,1,0,0
21,1715.3063043873992,14333.692299186696,15,18.083389109634314,51.45036420768707,8.64207363490884,5.0,13.793970721067623,0,0,0,0,0
31,3819.1478837485756,22742.52129922099,27,7.960963119289495,38.94677142438132,17.288668584884505,3.5,11.289508453144267,0,0,0,0,0
48,2801.132336224062,13341.64893505462,24,19.26673243485801,39.695480668890966,17.429845462733198,-1.0,8.226251321891901,0,0,1,0,0
45,2009.298188379047,2326.7870472903924,6,12.91405741857693,34.713524908277286,19.166682842094136,5.0,11.686188256375685,0,0,1,0,0
43,5771.667306487424,12894.816834180987,12,11.775127332763823,26.32682353331482,20.351974730040375,3.5,8.014600464156985,0,0,0,0,1
51,2203.3237037440013,17544.950810501017,9,14.746507329472054,27.246100411819263,14.830859531464515,-1.0,10.820100558356163,0,0,1,0,0
50,4400.523497260363,32171.187982655378,6,11.0880791578299,28.161307001833794,10.600593024887488,5.0,6.244471121725682,0,0,0,0,1
62,4945.330269345259,16072.500401029078,20,14.993073207097572,31.882332727011338,11.189532929582722,2.0,10.087284020236885,0,0,0,0,1
55,1116.0475948111884,24095.3927282342,45,14.454646611942055,33.891698102234486,10.831698793573828,-1.0,13.567879234866293,0,1,0,0,0
27,3088.7555568882817,18653.534128303443,17,19.24158362093553,30.007086276805218,10.384978531283894,5.0,9.103690832304824,0,0,0,0,0
36,2378.959618910131,29811.241150963073,27,21.05337800855788,27.09401522656867,16.959747229154363,3.5,13.281071316547933,0,0,0,0,0
46,2281.290724128797,29256.77108371167,27,20.926063171366334,24.058843695120153,12.002883627743904,5.0,19.280288592012717,0,0,0,0,0
22,3666.4521801682895,29409.400841919356,55,5.941940082415535,16.073512422167465,15.885687459264824,2.0,9.913158055566363,0,1,0,0,0
21,2252.5554042920594,6128.131764661179,52,11.259332680626859,42.83379165046651,14.70606621912396,-1.0,11.842576468725955,1,0,0,0,1
32,2404.837144408235,21653.792377959955,22,5.900452944710551,52.05529568265414,7.605380147511665,-1.0,11.43058775464617,0,0,0,0,1
25,2798.2621252496474,26071.508800975582,34,10.225830902259876,41.99336780928251,5.131293320550865,-1.0,10.675310977522237,0,0,1,0,0
57,2551.920877948117,23052.308500714647,51,12.401927156384675,17.409343740692538,7.05334813325974,2.0,12.363688072476688,1,1,0,0,0
52,1591.7157515854497,25092.770606574635,19,16.642246460907774,37.87016569640892,10.293174529076845,3.5,9.25571490438201,0,0,1,0,0
29,3955.0878058169687,20466.80803428382,55,12.920267062029838,40.23776301620816,12.5373124010715,-1.0,8.012367699176373,0,1,0,0,0
61,4258.23712620912,14041.726346187785,25,13.031719716205417,25.96562301378642,9.406798690622463,3.5,5.421031685708476,0,0,1,0,0
55,3412.342307442261,6423.220920109985,55,15.727058732799053,34.88927239639029,14.812260586964406,5.0,8.971724520739514,0,0,0,1,0
39,2548.136818773281,14835.444570812197,53,8.162761419168756,25.436969674773806,9.889259222332162,3.5,12.704302495406102,0,0,0,0,0
36,2153.7471164042627,41424.878989107136,38,11.645627388144545,45.2892899481374,13.027829752735778,3.5,7.180608666420605,0,0,0,0,0
23,2155.6559244882646,16114.790591274623,48,12.98577349673051,33.65370922215314,12.470326722647545,-1.0,10.740033689598272,0,0,0,0,1
40,5828.85163803925,4324.878191274049,20,14.190392045474624,20.828445086289516,18.937732367149547,1.5,9.630670409407207,0,0,0,1,0
44,4125.405961879973,25861.19488583266,17,15.30781596090218,36.69808098009338,8.09903629959891,1.5,8.137845630872206,0,0,0,0,0
53,1991.867905699994,26843.68006946116,45,21.002599158932167,40.58780673490247,20.833676364618817,2.0,5.0,0,0,0,0,1
44,3197.6373929245688,30298.59512121712,59,18.633344644324378,31.981316511358756,9.622600589041582,2.0,14.08856409736236,0,0,0,1,0
31,2564.957969880765,23767.828029654243,25,11.922759902032261,34.794416917432684,6.639772438556762,1.5,11.551571591150136,0,0,0,0,0
28,3700.5604513875487,26764.81211573561,35,13.95468376219413,29.30246570771202,11.132340038293849,5.0,17.995863483127778,1,0,1,0,0
56,3652.1989233472104,34721.737078735925,43,13.682243451631507,18.657195468537665,24.960556594547228,-1.0,13.238239041872625,0,1,0,0,0
58,4300.331584686565,14036.212063503077,8,12.943389933917025,28.482662415794923,15.5808209400745,-1.0,14.021631935945644,0,0,0,1,0
60,1979.3322496053654,12449.19435661026,33,16.09006330328364,35.23039632963558,14.411856413765047,5.0,5.0,0,0,0,0,1
40,3125.6823583657565,11243.30768357657,31,7.560881788116367,28.71973132016762,15.180747446566082,5.0,5.0,1,0,0,1,0
55,901.7436180509685,17873.843308048134,35,18.522857552025936,38.00765426739591,8.921626141990771,1.5,10.126936183157762,0,0,0,0,1
45,1491.1916394853865,31467.379358601345,18,21.774203162861422,26.07818438802416,13.304177505463437,2.0,6.555653729556063,0,0,0,1,0
55,4060.9210038710153,24224.54694196988,18,13.920637837312732,26.734091725491727,12.01000920126849,5.0,7.956139459467924,1,0,0,0,1
45,1859.1794503136075,23909.535621673745,7,13.842542299528684,38.31119997993905,19.23626699457764,2.0,17.578792540374906,1,0,0,0,0
49,1990.909442342574,5445.536570682212,42,15.628176988834685,32.218525168030446,11.56524913365339,3.5,13.569628515045583,0,0,1,0,0
38,2990.066310539941,14454.505382108646,54,19.07754390784084,25.88278418844408,10.486893821690366,-1.0,7.193033373004611,0,0,0,0,0
38,3833.7132370158474,5314.738937103704,43,13.70282513273103,40.33805376008624,7.34080241052351,1.5,5.0,0,0,1,0,0
22,1727.0078449990845,29369.966314572346,7,18.735780664406946,23.11264282049472,12.560057947502461,-1.0,6.9401879856878494,1,0,0,0,0
55,500.0,32685.171943085865,41,16.95397868981297,22.73051040982651,13.17180733407534,1.5,8.328416671183833,0,0,0,0,0
36,1955.732109427786,26236.533817923053,59,24.446445776018763,10.0,7.193647247437929,3.5,9.036208992219773,1,0,0,1,0
61,4446.753693543405,12105.71163408364,31,13.685351939350817,24.460314514225526,13.812654416242303,-1.0,6.162861246770137,0,1,0,0,0
56,3411.7620612202486,31856.179948926325,16,7.095998209116665,43.08716678922282,12.932718095179434,3.5,13.389551776992384,0,0,0,0,1
53,4588.649764544656,17973.96071979832,13,9.268243517257943,10.0,16.053783039535055,1.5,7.86561761842524,0,0,0,0,1
24,1641.820629440765,10284.325753978708,49,15.047712949600628,20.480798597707825,16.849472471607612,5.0,11.945733017808129,0,0,0,0,1
53,1032.7244788031323,12284.765963106462,45,19.111528376083008,34.3906855589017,12.377117174457117,-1.0,10.161662265673066,0,0,1,0,0
34,3555.0582631770485,16558.746915265307,48,12.389963438317105,10.0,7.854540463471618,3.5,12.815431165258127,0,0,0,0,1
41,3288.0272852220555,20396.628163877653,27,14.07627020049868,24.893013864902354,8.67751367782142,-1.0,9.286239014670864,0,0,0,0,1
40,3366.66518445271,18709.24630678565,25,17.739370949326304,41.408632156107466,19.048510652316363,-1.0,7.225040684026089,0,0,0,1,0
28,4119.595971180682,8698.652654631782,13,11.13906959648617,50.430258018489894,12.661957572490241,-1.0,8.204238387694103,0,0,0,0,0
27,3506.021908694712,29706.531273485136,34,12.55492240322073,32.90246565667032,18.98461511820423,2.0,8.246544656926586,0,0,0,0,1
23,3486.7411117684546,18795.152644505255,45,10.329093249558957,20.735329817588827,13.99441927394892,3.5,16.193651654728704,0,1,0,0,0
37,3858.008416561369,14289.969149834793,31,19.712912371530248,20.398712613517176,15.014942548713794,3.5,10.229515815517864,0,0,0,0,1
53,3602.8999586244327,28882.418895862113,35,21.16669124718547,31.44907969330904,15.754894464952637,-1.0,10.013898444111632,0,0,1,0,0
32,4028.935118060887,10532.75049386775,22,8.682340042027759,32.80963321165099,7.107444742362307,5.0,12.646079622125647,1,0,1,0,0
42,4210.224989734298,6968.878531403883,25,14.431258004047107,48.57928760058249,13.227803000450105,-1.0,9.999790435737612,0,0,1,0,0
42,4838.026561489098,30179.899572789913,57,20.62903590025978,39.70804852537203,7.05200439455175,2.0,13.36502895794311,0,0,0,0,1
50,2220.970410115585,35131.10279640271,21,16.59478073448895,30.841064878884907,10.86035060849014,1.5,8.883766717896657,0,0,0,1,0
58,3576.674528892897,16303.231850788814,51,13.043043068003621,26.647927467405815,14.560678544492202,2.0,8.579080748761932,0,1,0,0,0
58,2555.6119576832443,19632.239936662838,48,8.815351521556405,60.1471170930221,7.898664437870189,5.0,7.059179511955516,0,0,0,0,1
28,1999.7292152648797,10826.682283832772,12,19.611778207291458,36.265947999958954,14.237349298110688,-1.0,15.550141990152104,1,0,0,1,0
47,2172.5516147035605,20043.940401947148,21,16.44206085977799,23.31248286422455,6.006524058136657,3.5,9.790525528703187,1,0,0,1,0
47,3593.9466210738306,16194.357890150426,50,9.108054449032977,27.753770764085225,16.573279295846277,-1.0,6.477872621135514,0,0,0,0,1
54,3501.9030657432004,19182.972479720007,52,19.759564215499964,21.225452599968996,9.34225127157861,5.0,10.590481665937654,0,0,0,0,1
41,3480.494435086124,23274.067100777942,53,8.598385752968522,10.0,7.891530303124865,3.5,8.049838368809677,0,0,0,1,0
50,2729.1436229168003,11214.836175753228,32,14.118055383330354,33.126509912073224,6.258576336035677,2.0,8.831196305638207,0,0,0,1,0
53,3004.0977014140926,17105.50928613946,58,13.941541186511483,47.82454216557315,9.682584668649366,1.5,10.932260295183154,0,0,0,1,0
48,3981.30323505126,5569.748625774575,28,21.473525315391342,13.69442797752696,5.0,1.5,14.562955720762304,0,0,0,0,1
53,1212.7283284208327,17160.101727093697,29,13.95581523247939,30.552625958790177,9.806403443566682,-1.0,10.304756074519123,0,0,0,1,0
25,3029.570518114301,19252.527432664003,14,13.9414292547971,22.930952208624028,16.397948101332325,2.0,7.866889688634547,1,0,1,0,0
39,3107.9473777521475,21831.859400488625,40,9.547686620409225,35.21502525569853,11.245153601040665,5.0,8.485255473117316,0,0,0,0,1
24,3903.965122893179,21916.61232290567,56,12.438409283765576,28.27669843275434,7.2899255363734365,1.5,11.969341560731404,0,0,1,0,0
55,1379.70190566861,27231.382005894848,25,11.73081815647743,16.399453455823988,12.905053266275234,2.0,5.0,0,0,0,0,0
37,4794.160494620894,7682.667845813441,42,11.939110535981229,20.18896286050264,12.551583103499627,-1.0,6.871953171111723,1,0,0,0,1
64,3256.356509314212,8109.7837603976495,47,15.025138099567492,21.696994680157925,19.826439850342865,3.5,10.63793822859202,0,0,0,0,0
48,3319.8966560339236,24231.663491140163,22,5.26329445662963,43.443182079872074,15.162884074161624,-1.0,5.0,0,0,0,1,0
50,2518.3442912013284,3688.3097839566726,52,8.95907901833241,42.93259276930151,13.22239250869138,-1.0,9.06244636259541,0,0,0,1,0
49,3645.6268257562124,21466.401696839945,36,14.555924505571381,26.886521128873024,15.62026619343819,2.0,8.565204893027452,0,1,0,0,0
26,3057.5448603397267,10557.656483280849,13,15.485018732415726,42.278034334513464,11.46247572727975,1.5,12.632345566227002,0,0,0,1,0
55,4450.778332927759,32582.51712733745,20,14.066268805424418,28.26816160603826,11.698347276375202,2.0,9.249153000642401,0,0,0,0,0
61,1270.2069023236618,22003.61926182222,36,14.836822040860156,26.733372415498128,18.635761213726262,3.5,13.560074147809141,0,0,0,1,0
57,3210.6549958686096,18246.751842295507,58,13.363533545378994,30.57117840551175,5.457683892735008,2.0,10.236619069714184,0,0,0,0,1
44,3490.2148180529116,29821.767017113427,35,14.925981587081349,32.848252786236365,15.871782052563757,5.0,15.329353392427798,1,0,0,1,0
49,2776.35312676429,11492.783947432394,51,16.736568881048864,24.445552071349987,11.556834097248897,-1.0,5.837533106824686,0,1,0,0,0
51,2514.4010120315447,13012.722927297533,25,16.708534914750643,30.218657421822225,10.834042314986592,1.5,14.851380523803932,0,0,0,1,0
55,2564.451265237551,9908.361330759128,44,12.244166354166017,37.87322505646523,9.788416265225148,3.5,8.766618531311831,0,0,0,0,0
53,3209.567123241394,13079.686189208056,58,18.6603789583318,31.29539639206047,12.614696082256753,-1.0,14.421849103679229,0,0,0,0,0
41,828.0493188231526,20488.924874939104,17,15.628434778013277,30.427829021243202,11.825882133981334,2.0,13.555704099655493,0,0,0,1,0
52,4158.017953275876,23951.614975949764,54,19.928855825359076,34.94180214280795,10.341190453092132,5.0,5.0,1,0,0,0,0
43,2423.841758764979,27691.37348294034,22,20.73148972506833,36.66706060858609,9.189369019533396,2.0,11.437504630959518,1,0,0,0,0
53,3153.363236840139,5402.207624794088,47,9.229093114507016,29.373841813870776,5.0,-1.0,12.992859288423693,0,1,0,0,0
23,3440.5227201456805,18625.096108293666,35,11.563889844525164,25.25818942921851,9.104785022593319,3.5,13.98577821001335,0,0,0,0,1
38,2369.033535224452,11134.683750473587,34,18.2541921598822,31.89203303474235,9.950819414956113,1.5,6.470088442661732,0,1,0,0,0
45,2842.753911601205,18357.703268095192,24,8.34043031948421,14.060362701767007,12.604924288667368,-1.0,11.77102869104269,0,0,1,0,0
62,557.7117112493952,38673.30864101632,51,20.680707850773494,27.896780044961453,19.852343538726018,3.5,10.585221035997185,0,1,0,0,0
51,3878.5483287996863,22334.89409600012,16,13.62447122074935,10.0,9.536175225946325,-1.0,11.294226900898973,0,0,0,1,0
23,4296.082800386597,27195.719769185966,39,17.300132140436073,13.242082165634994,7.90507658501132,5.0,12.996809459779055,1,0,0,0,1
60,958.8077376734957,35685.530177288376,55,14.534437348556894,11.738141505832893,9.142015634787608,2.0,13.470129558179302,0,0,0,1,0
44,2512.2085479644857,29018.865945398065,12,9.430441888865252,40.47351742453051,12.61337907040846,1.5,8.032771135706586,0,0,1,0,0
52,1524.1567461110226,16416.684162504123,49,19.222178408527903,30.13981815969325,14.35454183918509,3.5,10.79625799553997,1,0,0,0,1
42,2786.711614215113,9793.343307440495,39,26.00289212214932,17.37950976783665,14.913380852278172,1.5,10.123405951636384,0,0,0,0,0
43,3778.3636016651535,19758.84584383319,25,12.939966894577232,34.91066043445356,15.310831992937064,1.5,9.281942133191034,0,1,0,0,0
22,4184.77067910795,15458.353726250516,55,13.71056579661903,39.88654479366518,15.876922350447899,1.5,9.568674366492878,0,0,0,1,0
47,4346.223827312218,7803.829707046607,43,5.0,35.08485556147374,10.88446545010732,3.5,10.58796172616991,0,0,1,0,0
62,4572.652589630656,21927.39997831575,29,20.406011613824482,28.112898715074138,20.212560734964832,3.5,8.194055192598201,1,0,0,0,0
22,2733.1046658533214,22127.090384474664,15,18.64706129136801,32.324866184193674,10.580925915364944,1.5,12.649110335592642,1,1,0,0,0
46,1623.6496455198728,34152.93360210629,37,8.066464551780342,39.01496533142732,12.437362305363637,2.0,13.807924864875549,1,0,0,0,0
37,2862.4916396304375,17105.89544930549,57,6.7404581518124544,25.307541623373442,17.183308287090767,-1.0,7.538270333242313,1,1,0,0,0
60,3759.921002764291,22240.971111755593,20,7.203074867338939,30.298669232578256,14.265700111951062,1.5,13.954989663817367,0,0,0,0,1
53,1527.288262894971,14676.116682478278,42,17.580676501491272,27.42806955393569,5.0,5.0,7.543919727321578,1,0,0,0,0
29,4992.16434413789,26985.355445547728,25,17.979965678456328,13.865841473475143,12.022543321187412,1.5,12.693360735069355,1,0,0,0,0
63,4077.46624651241,19003.05763047896,8,11.306664222524848,39.16568180644302,15.447859024345945,3.5,13.949436431771705,0,0,0,0,0
59,2752.1193978824053,10619.267129178059,42,16.997040125531193,50.5727186499401,6.626118881881768,-1.0,9.716467911760482,0,0,0,0,1
49,2146.953683506511,19892.225426678735,45,15.63550848396461,21.2620537875881,15.002771180515946,5.0,7.5685067740486645,0,0,1,0,0
62,2197.0547026648283,23124.18318052001,13,13.530921172583126,39.626802348862995,13.560615760053812,-1.0,8.233951006865112,0,1,0,0,0
46,3089.047456560186,22042.187099308503,45,18.8807873067412,21.580062202383992,16.73568193540549,-1.0,11.08557059694657,0,0,0,0,0
55,2724.716876723577,28367.173723966953,49,10.180257595087845,31.327878150770648,9.232274710645436,5.0,15.893963237229894,1,0,0,0,1
45,4140.60330633915,8415.549023674483,28,19.59015685437558,45.08012273789777,15.98357366235698,1.5,5.0,1,0,1,0,0
44,2588.4290060368453,13258.059279880468,45,12.085913783942589,24.79561014607889,12.638432989603325,1.5,10.300725894435933,0,1,0,0,0
33,3606.6021727337893,25118.2986543643,16,22.12614672786818,29.853135856081266,19.06420121620915,1.5,9.735783552708964,0,0,0,0,1
27,2965.2901389901563,14197.848176311429,51,10.978775906074134,11.984970034919233,23.1441997512533,2.0,8.63043471469567,1,1,0,0,0
56,3323.603228876485,21923.769994641654,13,13.593711685599493,23.357956560537687,18.15332175621021,1.5,9.757654174814155,0,0,0,0,0
40,2723.9322772843407,2000.0,34,15.234348550169413,10.937276779992942,13.922074712432897,5.0,8.373409534452767,0,0,1,0,0
21,3849.258649499545,41727.57257850306,35,15.209274191289932,34.29178119874999,21.28401598424722,2.0,13.729466235587223,0,0,0,0,1
28,3867.0480963480923,17842.25174754131,15,16.96331400247238,38.31637558951577,14.413912166671935,1.5,14.027481420000175,1,0,1,0,0
36,3551.914830986573,29551.650079906227,44,9.85727032701329,27.783651134291954,8.368217145909535,2.0,10.264405813441067,1,0,0,0,0
34,3729.017192579405,17304.817395332073,33,14.85075036701346,32.85886967256792,11.842906772193698,5.0,9.576564959541129,0,0,1,0,0
32,1866.757466948337,23317.588229847093,54,15.552526825610883,26.742695447495528,15.046688745180006,1.5,8.520889982118804,0,0,1,0,0
43,3387.8949154907755,31935.35717076218,41,12.889047103887492,37.405453658744364,15.303816622480255,3.5,10.27084401325803,1,0,0,1,0
35,4499.04212098504,29326.448153667083,18,16.61623446983767,31.29461935125199,7.498940440769362,5.0,15.543493086602876,0,0,1,0,0
48,3589.685480423397,18364.360162518202,37,9.614520346048877,10.143366441964407,7.62587085416131,-1.0,9.688797291395925,0,1,0,0,0
54,1763.138996638172,18917.96539685046,41,13.694184443797266,39.399808180928204,10.634760615160607,-1.0,7.481702805921222,0,0,0,0,1
22,2940.280188421098,28028.53248146628,42,11.987263502385336,26.104572054168464,14.138174453824762,5.0,8.806714325959447,0,0,0,1,0
52,3449.9735260076504,38665.9552342824,31,13.706276281803923,17.296205287915956,14.650250199519677,-1.0,12.26040988530664,0,0,0,0,1
43,2091.120579722029,21538.26139519233,27,20.788141839684812,25.61066027655997,12.565220496419242,5.0,7.8467898878571845,0,0,0,0,1
42,1370.0745639319766,35656.509124333126,9,20.865822904629603,10.979303514535601,8.66228506592941,3.5,9.89888171601243,1,0,0,0,0
45,2620.6825578761677,18068.684716638352,36,20.08166584232488,17.501106887609566,18.94777177207721,5.0,11.418649405488217,0,0,0,0,0
42,2111.001110438757,27615.682908078415,23,13.150970879676594,31.429496101153887,7.711767752627841,1.5,8.07441143184092,1,0,0,1,0
42,2982.8531623320373,28809.24609797829,43,18.630473107200828,32.26711686340566,17.209362979415047,1.5,5.0,1,0,0,0,0
62,1090.3144230044538,16720.315969177813,29,15.449448507703217,33.06438834255168,14.955293133801462,2.0,6.785843608440693,0,0,0,0,0
26,3677.641275043387,14023.375365586868,28,15.182358814012034,30.032098677634977,17.121329215486913,-1.0,7.4237004733810785,0,0,0,0,0
35,2238.473957647972,29163.113508378825,27,14.690554609523323,23.071348765279883,10.222266828308332,-1.0,9.313518082430075,0,0,0,0,1
63,4194.902684017627,15747.544502055545,7,22.033671429516502,29.455408605394346,11.429383207643184,5.0,10.132898984185832,0,0,0,1,0
57,2667.721392244346,12845.200698596778,36,20.463354422225855,25.627925530521146,12.220170229124173,-1.0,12.471103892131334,0,0,0,0,1
53,2969.5331443386153,14528.323985607225,16,17.97958567378839,13.74218401924816,10.09440895759394,1.5,6.3182319740058785,0,1,0,0,0
28,2792.3581455636986,15715.093292596706,33,14.318796137957493,22.27585008989412,12.901033813980394,3.5,12.034860612121525,0,0,0,0,1
64,2174.208371879673,26852.93683700542,51,15.158243033018248,38.895412311690244,18.31635782428483,5.0,8.887229466550595,0,1,0,0,0
64,5966.735354727192,24120.341386209504,37,17.122266418150936,45.882941520549444,6.812664611328108,-1.0,5.0,1,0,1,0,0
25,2404.9605863912584,25725.26595806313,10,12.913564352583911,36.51275044118688,9.37115316715564,1.5,10.040720978152615,0,0,1,0,0
59,4228.225826958792,23371.03848878466,43,18.753262863858016,45.43697760992414,8.937018725174974,2.0,13.948802654499904,0,1,0,0,0
24,1687.645264723926,15249.27870202689,15,11.315019554228375,30.853886101349584,11.62232695145581,-1.0,12.64934365497545,0,1,0,0,0
26,3446.5576693117932,25576.82284726618,45,16.56737475198962,47.42376084702539,11.457894924084517,3.5,9.771188766933799,1,0,0,0,1
52,3574.646596718203,29459.630612842433,51,5.841137800829481,50.544884403285806,15.089258337762823,3.5,13.377311848386253,0,1,0,0,0
50,2970.9876274822445,24676.02572895447,29,12.79752589359148,12.665305019638119,12.1348924116855,-1.0,10.576668041641915,0,0,0,1,0
55,2314.794336432512,23597.247253006804,40,23.310708531677776,32.214933071328325,13.211533106877209,-1.0,12.943566483467315,0,0,1,0,0
60,2684.013716863243,13863.563947434588,49,19.144765977567644,30.864301890875424,13.593792182048002,1.5,5.015192995093594,0,0,1,0,0
36,2516.0525976322556,21694.536631795825,53,21.141873799738097,25.75896184415901,12.981616244823247,-1.0,6.250981554219206,1,1,0,0,0
33,5882.431538202547,13438.069364410389,28,12.330769330582472,34.91915538151387,14.813252245830368,2.0,12.187107956718158,0,0,0,0,0
62,2972.8762926662166,19807.77713535517,22,15.415091347201745,30.411250686418768,11.51070647146902,1.5,14.61784748303447,0,0,0,0,0
50,3629.8665343967405,6877.866886197471,6,20.127969012377218,22.645510796079567,18.58547358429999,5.0,11.251887192737517,0,1,0,0,0
39,5137.95010851044,6939.532776063254,36,17.532379738821508,29.733948949630186,22.166479386875167,2.0,8.507989379872594,1,0,0,1,0
37,1948.4175984309825,18471.61848042376,36,17.034263509433277,42.0459457936839,14.82492389906828,1.5,7.4484524242801315,0,0,0,0,0
39,3045.1922798015253,15612.482625384082,47,21.52232788132025,31.825380968826757,12.911964654836243,1.5,9.054054509215575,1,1,0,0,0
48,2676.976641982333,20854.297547793387,47,10.838180137544288,36.26954748256132,14.498329237268976,3.5,13.640910975150295,0,0,0,1,0
46,2896.633865419963,18921.85136707905,58,14.263047842217988,27.22946899720909,7.5958676564654235,1.5,8.972418885137817,0,0,0,1,0
57,2785.1856394590177,20241.52629768124,39,7.983657749322583,34.52064010151615,12.72042186986166,2.0,13.143283724162258,0,0,0,0,1
46,2121.7474972437394,24868.859538853925,14,10.619575792257596,17.9078546951682,9.074701572205566,-1.0,11.957719376363634,0,0,0,1,0
43,3234.4923419959596,16293.84835471334,27,19.296741568715884,25.002795005802078,14.03990766896132,2.0,15.14177740128098,0,0,0,0,0
29,1724.8406671006783,18244.449506841094,18,11.330602935231507,28.97331391434072,9.09456276809141,5.0,10.600785614609523,1,0,0,0,0
32,4186.659284770822,31640.16978210531,30,17.94209701650039,17.236640793734622,10.620890218564416,1.5,9.851210916453876,0,1,0,0,0
21,3747.971767985525,20024.673014600216,53,21.63394016787232,21.697832811077276,5.0,1.5,13.293016317040804,1,1,0,0,0
21,2407.844620363181,18566.316202996888,23,14.288247300032246,33.131117685738914,7.307017240209328,1.5,7.194211614105945,0,0,0,1,0
54,2466.0200143513684,20660.101594585514,56,17.07945375919925,31.298319162880322,13.419495211744186,1.5,8.667949068667188,0,0,1,0,0
52,3330.6126748179036,18709.085015923756,17,17.97324851817168,38.06365424657709,8.524615686726278,3.5,5.0,1,0,0,0,1
45,2041.745621272581,14323.421656374203,45,10.114019747733739,23.99488981814836,16.255095935142307,3.5,6.237026322856014,0,0,1,0,0
60,5174.3761489618455,12015.761302562238,22,12.534190618795812,30.576022260052415,8.18444364634675,-1.0,15.770115639189429,0,0,0,1,0
21,3429.5108744301224,13892.549278799961,20,10.985355153312792,23.281325891161718,13.813018005143084,1.5,12.076943720922099,1,0,0,1,0
36,3471.915781660413,26983.353494166295,47,12.853107559667885,37.061285491093265,8.952497484112966,5.0,5.887895251081195,0,0,1,0,0
59,3817.734096428743,14960.757962252701,20,17.864442792324397,41.907461160252474,13.541879100134103,-1.0,13.584486983881165,0,0,0,0,1
25,2304.6440711159157,18760.60318530979,20,12.619213076230833,34.833248272528024,5.860850683619442,1.5,7.88890736141397,1,0,1,0,0
42,4306.811978141728,25605.89028106318,44,14.859387092272732,40.61194276276583,10.187268097481766,3.5,11.92285182500019,0,1,0,0,0
49,3137.440039458557,17772.87063351217,18,10.830153532275059,30.324998628878618,8.615146858849059,5.0,11.878040813187013,1,0,0,0,0
23,4140.174565198598,25066.89051874922,22,19.905688658134807,38.05593834995176,15.53293030123592,-1.0,14.994972100248097,0,1,0,0,0
32,2762.4562481180033,7673.655660553064,37,12.819560039106651,30.754177426124603,13.849049857816818,5.0,8.386810748498636,0,0,0,0,0
46,4580.733872077423,18939.86656366483,14,21.09192220763982,19.75071933414232,7.069695781538071,1.5,7.779311838459896,0,0,0,1,0
36,3481.6123524297477,20631.168772788067,45,15.24371637539744,32.467213886986066,11.187277053516478,2.0,5.0,0,0,0,0,1
57,5619.008429012505,20185.10978478534,25,9.372001688147684,20.047033062094904,8.910728629108661,5.0,9.634680619920484,0,0,1,0,0
42,2556.574059813324,6776.650417288929,31,14.315893013817503,53.3912895156891,15.80102877547417,5.0,12.175989495952699,1,0,0,0,1
49,3245.4592753088946,29624.901171446436,32,10.748892690135342,26.659118412246656,17.086096590615753,3.5,12.58592150580842,0,0,1,0,0
34,1762.1085037558105,13162.616440228667,26,17.357397509512612,36.45037855448997,6.233419413956747,1.5,13.757198138886276,0,1,0,0,0
48,2364.842114944536,22680.29700209974,23,13.954548870692534,29.875867804744054,15.306811897525924,5.0,10.86941722599518,0,1,0,0,0
25,3742.423857417487,20063.714261178644,18,15.652841020109417,17.66386575964094,8.706815722969163,1.5,11.5143433547175,0,0,1,0,0
50,4355.1893250474,28029.67619048542,21,13.522587559813749,11.014769699354286,10.988332909122724,3.5,10.204361322140842,0,0,0,0,1
25,6558.012422064867,37499.91063499365,14,12.7786307845467,37.49013955074131,12.129016916243827,1.5,12.122364506658704,0,0,1,0,0
32,2884.045312052135,9677.084123657312,17,11.105511961537491,45.4934092677106,19.26642465422189,3.5,7.19727292870003,0,0,0,1,0
36,1880.1439108252828,14808.688949820009,49,18.344891747286116,22.651962927896413,7.984601091876459,3.5,5.774605507254246,0,1,0,0,0
46,3903.9909124526894,21512.739950712417,43,14.30738759280121,13.433074804404097,15.338998890573208,-1.0,7.5137859716761515,0,0,0,1,0
46,1646.6073353984327,11157.173459577667,24,13.741236425206464,26.748372675783752,7.313982367321529,1.5,10.64087115275997,0,1,0,0,0
41,3677.132865632084,26257.46086364608,12,14.20714440623136,20.628829547612668,7.037625660637063,2.0,6.098726002584257,0,1,0,0,0
59,2397.2931405670515,26746.98097725647,40,12.284552826056903,23.496843201379072,12.11385379367662,-1.0,8.100267521187435,0,0,0,0,0
56,3253.913964456472,24475.592607960298,53,13.754594292895899,36.10373699725285,12.086917963958891,3.5,8.196117150894501,0,0,0,1,0
53,4309.255322597601,21892.65400700958,23,15.822519258773951,29.49536952597162,5.0,2.0,12.345463632896369,1,0,0,1,0
50,2867.119885103165,30957.670223758247,21,10.86345200377294,21.704924411179825,16.63838515750199,5.0,11.980286381591137,1,0,0,0,0
57,4119.454901194345,10754.996146649104,44,11.442592027683169,35.88500786261195,5.0,5.0,10.211458276776751,0,0,0,0,1
43,4047.7902583429786,20522.14556274043,9,20.513136374490696,36.66872345075791,11.416250255546794,-1.0,11.353194644912671,0,0,0,1,0
30,762.8021660290865,14089.577050158226,30,13.548973868801776,26.62942513955375,17.310461806421223,2.0,11.41237133190091,1,0,1,0,0
25,1918.0791047573132,27119.330660521347,37,12.79375676430396,31.379165209180602,20.836735866754715,1.5,8.909141328601086,0,0,0,0,0
56,1125.831766325434,5333.270683948538,45,9.624513577762897,35.205018830769745,10.54780054524568,2.0,8.372502080836814,0,0,0,1,0
54,5402.084523036163,19775.329075256162,18,18.40271054989696,34.26103130983397,6.268203665531649,-1.0,14.610059246867113,0,0,0,0,1
51,2873.529689475208,22681.909496559587,50,10.776296745956627,30.406140869655328,17.162192903071833,1.5,5.0,0,0,0,1,0
30,5136.995055559972,12420.062920209804,22,14.938829356154168,44.325861182252964,15.460626200481048,1.5,7.776089893188242,0,1,0,0,0
39,1040.45726334962,14990.479742227468,54,8.167259722733638,35.82680813015186,10.0440308416861,5.0,9.388652435770283,0,0,1,0,0
52,2312.677890541769,20123.031850976844,42,18.272691201456468,25.49320983502267,9.537050167163175,2.0,11.679854281958042,0,0,0,0,0
21,3960.597890119167,27640.77103553181,11,19.70742497447432,25.55330932301095,9.130431345362274,1.5,13.406519578309576,0,1,0,0,0
25,3215.129525312021,11737.04617130357,24,16.93808138191206,24.419136498633264,10.621653857061466,-1.0,15.570194812564441,1,0,0,0,1
24,3639.4318713761504,13132.400477002513,18,8.862079474378813,36.32120947227811,13.264272569606524,5.0,9.724867951389609,0,1,0,0,0
36,1495.4301194480915,29004.70216832275,31,18.35504857563692,23.772524399980934,9.735941669052913,1.5,9.925793125930499,0,1,0,0,0
44,4652.164191454715,17816.19680064132,19,11.69060400143859,25.75100910797193,10.241678897751038,2.0,11.08783018184554,0,0,0,0,1
36,3932.419314908747,13779.687681240179,36,10.31611248511355,40.580223881158126,14.565116077642303,5.0,8.406637185013235,0,1,0,0,0
22,3481.950606589768,25829.478377735326,59,13.466155816969387,31.91631962067389,6.070343435764509,2.0,6.447288183832375,0,0,0,0,0
48,2177.267662701831,16094.424022142026,9,13.386529306614042,41.985326271211875,10.496257120345682,2.0,9.711248601207945,0,0,0,1,0
52,3388.560153127134,28219.372282710192,44,12.979805395278841,37.98059873352342,5.296235923603594,2.0,12.236116876005394,0,1,0,0,0
47,2650.2120252078116,14690.236984162302,13,20.094696991618775,18.23328170929937,12.433649893411605,5.0,9.271229661470558,0,0,0,0,0
40,1019.4105479546859,18723.24350540003,30,23.047303985770505,28.978669417592986,5.0,1.5,11.24030616615428,0,0,0,1,0
44,2939.4925779342148,27559.773323109854,18,9.523453850602142,39.89949039968542,15.560040507305718,3.5,5.0,0,0,0,1,0
32,2811.923522132969,18189.913030609987,37,12.244670422701638,17.778239348489876,6.741450416831978,1.5,10.055213870258376,0,1,0,0,0
55,4274.881811850144,26048.426576629172,43,15.570993344179827,34.197108203586765,5.0,5.0,8.789660227857025,0,0,0,0,0
53,500.0,19475.61914575196,43,13.44513403625109,29.60763526301256,10.545546816393529,3.5,6.174628733526444,0,1,0,0,0
53,3282.239794625641,35853.534451200234,33,16.597594997114065,12.45211257877613,18.844429166708203,3.5,11.971637510754542,0,0,0,0,1
63,1613.3183422731393,32550.22883282279,58,18.66394142378318,31.196593045189335,14.844769813686302,3.5,15.536936707822946,0,0,0,1,0
57,3383.068010634656,9375.229900530016,35,17.997463769080163,21.625319838734672,5.0,-1.0,12.969876777042657,0,1,0,0,0
32,3449.136066692767,24177.94944998408,8,17.43893427139933,18.32348217883574,6.627498929421836,5.0,13.161247016435318,0,0,0,1,0
23,2895.78626744377,13468.768111191665,33,21.636382083678892,30.091406758226327,10.417598507017171,-1.0,12.137431103850412,0,0,0,0,0
21,3968.751749773301,21532.055510341845,8,8.644210868335563,10.691470607469931,20.953412647083447,3.5,11.939354348938659,1,0,1,0,0
53,1505.0807290803612,20546.965034482088,50,20.92043516781846,23.257097074151176,8.244183408124528,-1.0,5.0,1,1,0,0,0
60,4329.26454033804,11556.9038632601,59,13.348033463641025,55.51174252502648,8.276459025187222,-1.0,9.616147149784034,0,1,0,0,0
30,2150.30536056703,28467.8763482426,39,18.140500882702508,36.502223934069434,18.109717547520724,5.0,11.526009299937602,0,0,0,1,0
63,1132.9216194121254,21626.4235485526,21,10.881335086882226,21.185750938326468,12.779628821049503,2.0,11.594214343602602,0,0,0,0,0
64,2673.124835400229,17722.53571461933,27,11.366014432426889,44.04165940100396,16.212000109194964,-1.0,13.815118567809115,0,0,0,0,1
49,500.0,16495.121406051243,37,17.64846916592811,20.07956439222866,9.09160183929614,-1.0,6.902807051100463,0,0,0,0,0
33,3305.0086706954426,21118.215758129885,43,7.2850799090006175,24.463048468645276,11.59345660908379,3.5,11.821814846223097,0,1,0,0,0
32,2688.8994689037295,23263.40014011428,13,18.95776831315325,18.511485900707118,17.262527448752977,3.5,6.804876988022159,0,0,0,0,1
51,4480.424305651243,19000.193709133873,13,20.03985400936635,32.56079878666021,11.4206364930568,3.5,9.36490123048282,0,0,0,0,0
22,3778.709052608395,2000.0,11,15.71113941531584,43.686296220971286,16.492212790105853,1.5,9.814110978294172,0,0,1,0,0
55,1329.6043953743879,20135.12572993987,19,15.567044142314229,20.009937674401435,13.54906920173812,-1.0,12.587712742146856,0,0,0,1,0
43,1993.9350106585377,8468.14350712178,37,11.665455420366191,10.0,7.841483686324325,3.5,12.234860165201033,0,0,0,0,0
37,3624.7973046410507,18324.379474807396,40,17.697797609614675,40.909666745194194,11.934731150615908,5.0,10.360991763134916,0,0,0,0,0
46,4016.4948119820415,8763.485943442865,15,16.390660985629705,45.5380050108768,15.925535969100133,1.5,5.0,0,0,1,0,0
28,4467.001097864257,8668.018919364262,8,11.313978415904709,10.04919533585267,14.67766476474754,2.0,11.334501198976161,0,1,0,0,0
49,4457.411142366418,29880.974575588225,17,13.434080199647232,34.60054341446444,11.838988406316687,-1.0,9.19697056888364,0,0,0,1,0
46,2892.572867702513,17439.264152444877,54,14.362658301216786,32.265053521152886,5.0,-1.0,14.175417674857302,0,0,0,0,0
30,3435.1867467014026,16826.70272142466,36,13.428791213923251,22.125246951122453,5.0,5.0,13.460480633021106,0,0,0,0,1
46,4558.486204732556,23860.19239062873,34,9.5483543466001,16.05644333330767,5.666777641491535,2.0,7.185931279283026,0,0,0,0,0
54,2636.029845676862,17035.275815420384,10,17.79608123433558,39.91750345446556,9.958231172933797,2.0,11.746522716971755,0,0,0,1,0
61,3455.6714243281485,36830.44873701928,57,14.025958176392422,31.790705314571948,10.491528505226208,1.5,11.805731818481213,0,0,0,0,0
27,2607.743064384418,17815.841914191846,30,15.061459103573238,32.54426457426721,6.098354395623908,-1.0,11.587550738850776,0,0,1,0,0
24,2338.862262641487,22921.003295864084,46,12.686933650410293,23.782306471667987,16.090051174784065,3.5,11.198743224236797,0,0,0,0,0
31,3058.062141942964,27767.530651014888,36,16.90108589588796,21.980907955500427,6.944923691117831,5.0,11.890463759404751,1,0,0,0,0
49,2174.94785839249,32818.02580485528,26,15.794784737525614,10.0,6.517763831731962,5.0,14.504457446721988,0,0,0,0,1
56,2842.900832676301,14063.95091473888,25,19.851137556521675,27.71971970215121,12.352943015543795,5.0,8.34585900032039,0,0,1,0,0
45,1758.0541625614408,16656.291969290844,44,16.922394851755936,44.388263794542226,15.895620479972914,5.0,7.282571130228639,0,0,1,0,0
41,2772.0067353811446,30196.73500234812,27,14.189262392651557,21.09745579951346,20.219418479252667,3.5,12.34814540651651,1,0,0,0,0
56,3538.0683523390335,26480.49843242153,9,12.041132729989759,14.775853057332602,14.330180218012709,3.5,5.0,0,0,0,0,1
30,2293.483756551845,28601.40748534767,18,18.46381073566658,34.35664566457002,18.319318874894478,1.5,11.962071581688612,0,0,0,0,0
57,3011.150103037095,9050.363651522654,50,13.869695604854169,36.20079998446336,7.151773393093753,-1.0,11.430816905626141,0,0,0,0,0
29,3167.211112345517,32383.998031392148,47,14.313129733615117,24.14094039318824,20.638957042643998,3.5,5.0,1,0,0,1,0
44,3543.0418701856015,13908.73965372156,55,14.3121135748293,26.51235535300358,5.0,1.5,8.090990021168905,0,0,0,1,0
55,2839.704190433741,21538.34382513517,54,13.393569157371482,32.639031172187586,9.984642984449277,2.0,14.727923576823953,0,0,0,0,1
55,4303.039610241367,18814.21697926584,25,14.381844023080522,28.444505313706735,14.2426100783151,-1.0,5.628470407852181,0,1,0,0,0
56,500.0,12972.137307615438,57,22.70483025093031,40.00129335753982,5.579131937216226,3.5,10.637774844848286,0,0,0,1,0
38,6525.303416601328,8699.713892631977,18,10.808711783489231,54.37242575924219,8.291799632298666,2.0,6.985284100018646,1,1,0,0,0
59,1954.6394831549799,6049.215066936817,22,11.741983156953559,12.90836444809544,7.656309882841463,1.5,7.873161087814703,0,0,1,0,0
52,3484.068028024893,20952.147248431796,59,20.537297672617,42.2975513055798,10.759115971001062,3.5,15.748956461282015,0,0,0,1,0
44,1873.8385077529817,7797.447278132355,41,13.500782462019714,31.052597010233338,17.686331426690696,3.5,10.370333037358419,1,0,0,1,0
43,3773.121791411162,10929.475239304935,38,13.19751486370042,43.88200938854161,12.067300265151243,2.0,11.550852065688769,1,0,0,0,1
52,3331.8829831139133,18255.71297441424,6,19.139455427093736,37.2435451126568,10.14774422306393,3.5,9.662606270720458,0,1,0,0,0
57,2219.1437551858926,2000.0,20,9.319217530872995,30.611564599357116,5.0,5.0,5.454600057707131,0,0,0,1,0
32,4287.704814492376,26231.83769635201,18,18.28581771701362,37.60022942441034,13.867020819354316,3.5,6.4452303793070165,1,0,0,1,0
33,2803.2469444776943,2000.0,22,15.182465717286176,26.058442288152026,15.160061635912717,-1.0,13.535290976926698,0,0,0,0,1
43,3656.6591256684046,19381.020869337815,29,16.859208523327908,22.256985778951453,5.199920928759154,2.0,10.458676445037204,1,0,0,0,1
45,1899.408233764757,20120.153812754314,13,16.784123821008503,38.10863115598349,11.732110561109913,-1.0,7.689134932130546,1,1,0,0,0
55,2962.934837314104,24304.493761454472,55,12.488069654069449,21.556715512104958,12.772032761328187,1.5,9.93384459622942,0,0,1,0,0
61,5404.088720618525,19666.553580880853,32,19.204735120599626,36.42372591641568,15.858407029214774,-1.0,11.984793889851845,1,0,1,0,0
50,4155.558634936956,36143.26371066591,50,12.799449154087723,30.307475830874985,9.100926167018104,5.0,11.363466542749938,0,0,0,0,0
37,3369.144906541262,21730.535052548006,28,16.635396075994965,10.0,8.49855855566081,5.0,7.690632399352464,0,0,0,1,0
40,2461.295006868245,28428.89919394928,51,19.950897942116544,24.256175495370606,10.174010806126553,-1.0,5.274090163188539,0,1,0,0,0
45,3080.9982430500104,14212.297529037696,13,20.51560679938588,33.348381950246214,17.137748211109535,1.5,8.778860370335362,1,0,0,1,0
42,3237.0791882068584,20966.05444951574,13,13.93149465623723,25.93999336091508,16.17538176869068,3.5,13.32714590781012,0,1,0,0,0
33,3539.0741219036945,32380.56076023141,31,16.852541096964043,10.0,11.914618791310346,5.0,12.563130895321631,0,1,0,0,0
39,1708.007390186801,18098.43900248287,52,13.562044839185521,43.2075012782616,16.07910610875315,-1.0,11.231209794775488,1,1,0,0,0
56,3802.089553130838,21537.87811356185,18,25.015184909075096,31.69375051271611,5.0,-1.0,9.487358765601666,0,0,0,1,0
32,1692.4882820464168,27846.827593099802,44,18.120504023495275,34.43739291269806,15.166616824374103,-1.0,8.449759713818148,0,0,0,0,1
61,4957.351022738247,14062.163838466924,42,15.336233743347742,25.267238478217564,7.524935348744614,3.5,9.54301478663692,1,0,0,1,0
39,2074.046013099746,2707.5173334464525,54,16.25024869383097,35.31489688146658,19.06809797758345,2.0,12.345314992906363,0,1,0,0,0
32,3355.953983611411,22044.58922969895,33,16.62842166178427,48.348201445867026,7.7430211522671035,1.5,13.030571836707285,1,0,0,0,0
29,4206.1710879336215,27909.35335486402,30,16.746974163133928,22.64927016372642,8.58895133906542,2.0,9.214639705233196,1,0,1,0,0
27,2697.1439478426605,9188.43388086423,21,14.040007129413771,46.67012705357071,14.249694920524712,1.5,17.60869392858278,0,1,0,0,0
48,3408.72002291983,25361.75917821871,7,13.4226908030593,33.985640658920076,14.635816539124146,1.5,10.277211327331168,0,0,0,0,0
34,4722.217859028062,25415.7310987163,59,14.392586553094027,21.305672519631365,10.214671684931261,-1.0,8.959133650195295,0,0,0,0,1
51,3677.2835854719197,2000.0,23,10.44123317981117,52.12390637591008,13.485616137692123,5.0,14.427008315828653,0,1,0,0,0
39,3426.660755609223,12509.690940745822,22,17.87309762789784,33.916402398889325,13.981519261313947,-1.0,5.0,0,0,0,0,0
36,978.2575262154455,16833.3697541467,35,11.79317982940411,36.76478668773041,13.572458624232135,3.5,11.440101083696067,0,1,0,0,0
25,1879.5332967117329,18563.007998118104,44,10.760199684061133,27.30647895273242,10.381780329766416,1.5,9.781604822100109,0,0,0,1,0
55,4256.3041531800145,14054.925881856128,18,14.942582133743405,22.036733546704827,14.020844096342762,5.0,14.344552959614076,0,0,0,0,0
32,3683.940366409659,13623.977571342544,37,14.479509481240454,31.678132446757893,17.625481620065976,1.5,11.814770075950575,0,0,0,1,0
45,3865.759528542089,33371.86312945674,55,15.998537903155954,45.814637234833285,7.098046083124694,1.5,10.417306509524975,0,0,0,1,0
41,3762.4763186578766,19139.52694512873,34,12.727178522414361,26.90340187814311,8.639759857832775,-1.0,11.987901392639646,0,0,0,0,0
56,4547.707834050449,14439.650718802084,51,13.429829767076106,29.732487544258618,12.109022529442317,5.0,6.833253063637743,0,0,1,0,0
43,2686.3200900538527,19670.6441846996,35,17.768478020353964,44.56328471979585,7.775103837327868,5.0,12.900459503436576,0,0,0,0,0
36,3144.5999505471614,24296.72666448915,23,17.524868801980777,26.996731541957594,5.0,1.5,5.966242728959586,0,0,1,0,0
59,1765.5908002450992,20413.011013689662,18,17.358100184706714,35.10276311169121,16.372491903527827,5.0,11.075492142443094,0,1,0,0,0
62,1466.3728998763486,18354.179273376212,48,15.13587044940593,38.773505067396975,5.0,5.0,10.106843023258074,1,1,0,0,0
59,1027.5111412943309,14799.866650636373,26,15.6756904933291,28.03219051123017,10.390469209902658,-1.0,5.0,0,0,0,0,0
34,1937.8038012001828,14702.953236259207,35,15.921755550842013,33.09837593199923,15.035777279034683,2.0,10.20682617428815,0,1,0,0,0
51,4863.074178587571,15217.532908117124,26,12.375833040764094,36.61102777681173,13.066799158008289,3.5,10.845960255118895,0,0,0,0,1
25,1136.7275186207548,22710.516806485895,53,20.896186400584405,25.99084806455873,10.451002536084191,2.0,8.035372078126628,0,0,0,1,0
55,2635.7568173073623,12046.559260785703,22,20.3263521299508,38.15765164989993,7.610241693860163,5.0,6.9627340034721765,0,0,0,1,0
43,1448.2256116246106,23146.153787761774,45,18.17698236400387,24.53013916544561,13.375471252591748,1.5,11.476532210285193,0,0,1,0,0
49,2278.8312443959667,31303.95804501464,24,13.296553654393609,23.249124210395088,8.046422246132508,3.5,11.086945003482429,0,1,0,0,0
63,3203.6325508224236,22605.6588625056,57,17.1565764718006,14.72958939179543,13.063730345273049,3.5,10.680457267762131,0,0,1,0,0
31,2159.86095215399,17043.315768662906,20,18.913479751079088,24.965376560989416,12.563670592939026,1.5,10.026525317064651,1,0,0,1,0
38,4307.597838019754,9614.984919562958,14,10.107212393115427,21.844972981297794,12.604131636220544,3.5,8.30031094907321,0,0,0,1,0
32,4840.77374501948,32624.85446329211,57,21.77804704679399,25.991260437450258,9.438724963282338,1.5,16.816544357994307,0,1,0,0,0
29,500.0,10639.8587952087,15,8.04244955537682,36.11992631914488,20.140036437339155,3.5,9.105007479255736,1,0,0,0,1
30,2180.4092035786525,26788.496275805985,49,17.818423278836303,12.74325746624897,13.4328265354815,2.0,7.40465990959365,0,0,0,0,1
64,3070.970546726907,25108.142884755885,36,20.813129225009877,10.253291054128919,10.885164303121412,3.5,10.163281825630401,0,1,0,0,0
37,4351.340431218457,18105.851176287524,58,14.547746143891876,22.509207833487174,13.057082292247218,-1.0,9.457176861066648,0,1,0,0,0
58,2454.9068698160854,17896.169569754577,28,14.398142400707707,34.61230493586657,8.90215342430276,1.5,9.035461574750528,0,0,1,0,0
27,2976.0775257050277,5314.309807671834,57,17.670643170587695,32.88864947019687,10.454782006088374,3.5,15.622828271817959,0,1,0,0,0
33,1611.9069299376617,22640.52000650097,35,22.40752756773549,22.34937667089074,21.56767972847807,1.5,6.610756545986178,0,0,0,0,1
60,1160.6449772851854,24959.41065916644,38,13.875729448234535,41.69408232156462,8.930476774230765,-1.0,10.112311206381117,0,1,0,0,0
62,4734.461627499521,11287.359070817563,57,11.87617923253622,23.415900648816592,11.688909198942335,3.5,6.811980925214465,0,0,1,0,0
29,811.116151328476,18753.428205367178,14,13.304898177568031,34.624539861271266,10.175580601000936,3.5,8.376925685811914,0,0,1,0,0
47,5794.342810105879,20302.895320071602,59,8.789944030855118,26.37213672465828,7.8414642287008816,-1.0,15.208347849685097,0,0,1,0,0
22,3870.18167925809,24676.581023596544,52,18.591031594860624,21.31223649006344,13.684339960879225,-1.0,10.84433516716568,0,0,1,0,0
25,3815.967690620107,20030.4246089855,6,12.943667789144563,23.949332118852602,12.145888706616836,-1.0,10.808111785565153,0,0,0,0,0
49,3690.5624009933163,6989.445168307328,49,14.166643383737778,37.34000384813558,15.64410923599971,1.5,7.181556315616437,0,1,0,0,0
57,2696.7771743988433,15760.497844300085,40,18.638484525676024,33.61025145142755,15.24231168132002,-1.0,8.726135323849654,0,0,0,1,0
58,3470.5014356410434,21797.006283112154,16,13.492358702360605,39.68102663776543,15.602830876167983,1.5,15.469364564675509,0,1,0,0,0
39,2773.3239746586296,26732.226736318073,39,18.03636158155359,33.609860825370816,8.327186508596025,2.0,11.498086739310732,0,0,0,0,0
28,3663.6879317285757,15058.907124846026,21,10.847645984734854,13.888305368257807,14.563843196812384,3.5,8.980855445071287,0,0,1,0,0
21,2959.5761677095406,37501.198996400155,14,18.83487771329599,51.144148343087934,14.661086025160378,3.5,11.321821770909818,0,0,0,0,0
42,1859.5821802779183,4844.2154493042835,37,16.36762008506188,33.75169014058469,7.915748007172576,5.0,10.802991589633628,0,0,0,0,1
37,1955.3128604858925,15490.398599536791,20,14.645683876721327,35.146715543882294,10.725535031091042,2.0,7.48168103844437,0,0,0,0,1
27,1818.8731496489956,19335.731172057815,17,15.523573951775182,26.231623205034396,6.175551614084127,-1.0,8.893575254433777,0,1,0,0,0
45,4165.080878321171,18394.006691577088,38,9.852954821389055,41.13178293300708,14.678490529521136,-1.0,16.763608306323597,0,1,0,0,0
24,2259.0640650490823,10142.861361481338,50,15.43200297578788,19.068924393998785,14.660089877775894,2.0,11.176007750339924,0,0,0,1,0
56,705.4762066981675,23582.89398201435,19,14.433320858573584,36.098290776634926,17.72145119647342,-1.0,5.292873966071372,0,0,0,1,0
26,3476.206399018566,22968.752410511377,13,9.962269558249746,10.0,11.084805968742618,5.0,11.530630444739232,0,0,0,0,1
51,4817.421075107498,20383.691567852373,13,12.315698292373824,36.77208521350183,13.805878346255184,1.5,13.90926481908384,1,0,1,0,0
39,3927.699827013032,22654.750906068126,32,14.483018968189928,19.204495883605706,15.950940404101233,3.5,7.286865459541818,0,0,0,0,0
64,2276.0117217339453,16609.788708415756,17,12.570831260208635,32.76994520427125,8.984433885781234,2.0,8.62947310994956,0,0,0,1,0
59,1095.8259412858931,7061.096399131458,6,5.351544379798332,43.573404667461745,8.376139434729204,3.5,14.361312864875554,1,0,0,1,0
47,2838.8782759709875,14266.881039582042,48,19.305550158435466,38.22717374500439,9.10845919569534,1.5,10.10473740647869,0,0,1,0,0
30,2808.9313462839477,21256.43665127553,45,14.431640499641338,42.24381670117562,10.602818127179116,2.0,9.571365331626131,0,0,1,0,0
46,1836.9604676234808,21301.955318771168,47,5.9041991630538195,41.20848443647809,8.517782577415387,1.5,5.991825910364563,0,1,0,0,0
39,3661.244762691045,20331.032420686784,56,23.53985175871758,24.75717257090121,9.280689160155106,-1.0,13.211698925442601,0,0,0,0,0
59,5215.951800996567,24389.666143880255,16,19.965569325252755,35.98330173807854,15.52366067613298,-1.0,9.434592889748119,0,0,1,0,0
23,3266.7392609499407,15350.831636399867,44,13.604071795726659,12.750831040581904,11.61461347402283,-1.0,5.0,0,0,0,1,0
33,3192.571448398615,20213.44845688429,48,11.630010034533196,23.13063582055749,13.226793494637743,1.5,5.282087455701237,0,0,0,1,0
48,1875.3263413994127,24576.74222723937,36,16.612764843042086,43.926548882840514,9.797132847525699,1.5,8.315258154451907,0,0,0,0,1
40,4676.897643672446,19320.88145198117,22,15.809307259536565,26.14963197573779,9.534538283270638,1.5,6.781473120512093,0,0,1,0,0
48,2909.8269998279798,10053.40857275121,38,17.168359699201496,11.319981133292561,13.14222355816159,3.5,7.252114738900064,0,1,0,0,0
28,2305.2440937669953,12308.0930427557,37,11.641518906979806,50.13698917331357,12.50424931201362,1.5,17.03400968591029,1,0,0,0,0
61,3076.4260723819393,26646.818594234934,34,19.391088083886533,35.6225028316972,15.111946713232276,-1.0,12.122569040998313,0,1,0,0,0
59,3566.3535998959305,31139.77730354058,26,13.106151507297803,37.6447822030579,17.20637199201597,5.0,5.0,1,0,0,1,0
21,3167.0584903738836,29402.26486259239,26,17.723062994622268,20.195304650781022,9.23435118289438,1.5,9.057034266338492,0,1,0,0,0
23,4447.38407480471,21857.24759793628,45,11.812242958171904,32.8405657052987,15.444738151055123,5.0,9.731519777938395,0,0,0,1,0
33,3460.7658630562346,10374.939183866458,28,25.592575943013948,32.57574970889195,7.680775329227349,-1.0,5.569198198190097,0,0,0,1,0
48,2659.2698269409584,19949.18754581705,11,17.782093395861033,21.785151433763247,20.295114731213133,1.5,11.603158916607828,0,0,0,1,0
45,3481.430659592268,32498.041055603375,27,26.536929106294586,28.301803144768414,8.854783787446685,3.5,5.0,1,0,0,1,0
53,3599.564521351149,24947.907043651805,55,18.310407905304185,14.995322872169822,14.762522279027039,3.5,13.290840873311112,1,0,0,1,0
58,1444.3488968833897,18340.17981852902,43,12.754142572525264,26.532904671239983,7.6510386450213375,5.0,14.324589945168652,0,0,0,0,1
26,4379.303673916458,25029.001862729732,42,18.317523174356783,39.738462572598195,11.391636455412806,3.5,17.05775523687101,0,1,0,0,0
64,2638.915176766369,9844.838347075163,50,18.602311272772866,22.53151741007915,18.182932568614063,3.5,5.2770122373012605,0,0,0,0,1
52,2669.612131793484,14434.628977214383,56,16.49329657799105,49.07297836426554,8.72918339205571,3.5,5.887307924499592,1,0,0,0,1
41,3901.6511844911347,11326.4688718214,59,17.521569888128226,15.639084874649434,20.81674467154489,-1.0,12.078016102758193,0,0,1,0,0
36,3896.5982691114978,23756.574546787462,13,18.0469085176307,27.39824650204406,11.978897611563816,3.5,13.548040165197932,0,0,1,0,0
41,2159.0019853606973,25712.82799776074,46,11.025275956937033,23.435700363858746,15.902850151930663,2.0,12.426857984075717,0,0,1,0,0
31,3963.481941774823,18769.391782413066,54,10.74056638108019,28.198191686271308,13.611778294014412,1.5,13.239151021582781,0,0,0,0,0
57,2327.462218212571,13016.562586083472,40,11.823132005542266,43.714747821409226,13.828160262385468,3.5,14.130482085895101,1,0,1,0,0
56,5183.487656038386,19842.007251722982,56,15.51016957748204,20.15544503535903,6.295545131427581,3.5,10.606751186587699,0,1,0,0,0
55,2006.1672224810836,16107.36087460954,16,14.10731531410632,25.4872946907047,10.108588828087814,3.5,9.362350259738223,0,0,0,0,1
39,3287.372954047076,13630.634362450044,29,11.097717736308205,36.54505752723139,16.783905849934815,2.0,5.895468376223789,0,1,0,0,0
40,2061.5788357108713,22711.94948247397,54,18.101256842078588,30.931587799176523,10.622715192920012,3.5,9.105683784352603,0,0,1,0,0
38,5667.23475496209,13936.06221985061,26,16.13217928054592,31.751749493090028,12.555328330871253,3.5,9.565334793007311,0,0,0,0,0
61,1514.6148670954608,7469.20213628726,56,15.675715965483416,20.347236604004426,5.810311486523395,1.5,7.1509462800272345,0,0,0,0,0
34,3629.2352967034926,9247.084237094505,7,13.968042779304257,29.284165283975028,9.849692235997024,2.0,9.885327396528808,0,0,0,0,1
35,2118.107502626641,7173.916265472404,45,13.487087590537708,41.31578451539524,16.492157190525862,2.0,6.812863098761552,1,1,0,0,0
51,2575.0708302624157,21980.095332609635,24,11.634675352764095,13.904790169190207,6.869482272292239,3.5,13.33999700904151,0,0,0,1,0
21,3544.245400494211,21203.24350540931,44,18.73496117014935,23.026908493009728,14.868316147984656,2.0,11.27747340753748,0,1,0,0,0
23,4469.501325151372,20804.160756065296,33,12.186028473387253,11.844583704746636,12.711112554339943,5.0,8.621188933485058,0,0,1,0,0
36,4948.075874758855,24701.85321983954,22,15.837561866771267,35.36975696943741,11.056178055907287,2.0,10.566521823478256,0,0,0,1,0
43,1155.6624479684153,29535.670848936934,11,21.648041585088134,42.254705453144695,10.880301830711971,2.0,6.68473071292555,0,0,0,0,0
31,3321.3014692373545,15261.867753399078,24,13.670969021242598,28.165900127079574,10.03588120768805,2.0,6.9889217106422095,1,0,0,0,1
32,4751.392324060225,23251.819817907344,43,18.842808562876776,19.944799854847027,10.392116111772149,-1.0,8.098436085168332,0,0,0,0,1
30,977.6268734856715,7363.075940752986,33,17.274836064142693,20.237535485454647,15.718960899244628,-1.0,9.424215788772697,0,0,0,0,0
52,3377.260192865817,31029.677970106804,7,16.245870253044213,27.02942792127257,10.271824743020902,-1.0,10.423605437467073,0,0,1,0,0
36,2997.4994430957795,10041.350094254743,43,16.721393767619013,26.991279546084748,19.23036128876923,2.0,10.435469100688017,0,0,0,0,0
28,3497.450177255746,14319.3510476765,42,14.620373722916279,39.118317785133705,13.198130012172848,5.0,6.0436670005080995,0,0,1,0,0
58,2073.2351696082296,15218.32389013526,56,15.139103875173761,23.31123965556987,9.69495228388691,2.0,9.757813351323525,0,0,0,1,0
32,1277.2574061438718,7789.832026222302,57,12.807544207097102,34.3507833818586,15.893463809942457,3.5,7.545834038255336,0,0,0,0,0
44,704.27228978517,20260.604619268495,9,15.165828484536355,26.945299707521315,14.495583772306306,5.0,5.0,0,0,1,0,0
48,4171.660744154524,21711.230945611853,27,12.659096016866012,22.552430447601626,5.383294239089365,-1.0,19.226756594568847,0,0,0,1,0
28,4324.858963780025,18484.6906321476,31,19.02262037230639,26.696239366590227,7.862114571929849,1.5,7.604047822141266,0,0,0,0,0
48,3363.222418795183,7678.018943751385,54,8.202010285286224,33.3653838187098,11.53831879519035,5.0,7.770543537565583,0,0,0,0,1
56,2359.021980374284,35867.08987881369,48,16.92421316450193,39.14933389881702,5.66556826231921,-1.0,5.960691632918224,0,0,0,0,0
46,1052.3449278411053,24393.846372013184,41,16.34634680568912,27.480268128415105,20.36211960788645,5.0,6.827521135908478,0,1,0,0,0
28,3676.014555006029,41073.776349199674,18,15.984063856704134,17.9606186920223,15.288928728157366,5.0,9.43398305525765,1,0,0,0,0
48,1679.0648605959782,13559.12608090966,57,19.097995795461948,39.99714803265441,11.946668611854152,2.0,14.055439972360084,0,1,0,0,0
48,2146.4416502873546,27663.057825415814,37,13.85550563982821,21.018306168478855,10.629173785546946,3.5,9.41695398535696,0,0,0,1,0
57,2296.1231045247378,26234.191099153308,22,16.0217353782882,32.608231676775326,9.601345382564004,1.5,9.029313072295976,0,0,0,0,0
61,2762.9577291636383,17675.3991752211,46,8.13383244725419,29.751673322962457,5.0,-1.0,13.600821931064164,1,0,0,1,0
56,2089.151463349622,31288.407208473793,41,13.338732471459107,28.41429907653781,5.068505393417482,5.0,8.42681040839475,1,0,0,1,0
47,3040.150525190763,16756.719939089773,51,18.422945724700895,25.130236998119933,19.604482925070428,1.5,10.063448186726998,0,0,1,0,0
37,2253.8180393923303,17112.868644603142,24,9.643353057854073,36.20148780415464,18.29439855693034,5.0,7.235289804361056,0,0,0,1,0
29,3841.6476778070673,2000.0,40,15.63897346820298,10.0,9.696888980303838,3.5,15.05540050285771,1,0,0,1,0
53,4237.275496785664,23272.2244299411,51,12.289931712464812,41.36470508367037,15.63199662472983,1.5,13.145530720107539,0,0,0,0,0
40,3130.251211234126,9395.920706540748,45,14.55605211291306,20.874922256059648,14.025683099988125,-1.0,9.541037891399899,0,0,0,0,0
33,3555.151602457323,15594.23043443591,33,12.529290044953612,34.07956909750648,14.497151826595367,5.0,8.801670154387821,1,0,0,0,1
48,5541.427139551068,11790.242890039779,6,10.011217582826278,33.55025617934929,6.299288941997178,3.5,9.904481630089784,0,0,1,0,0
49,1592.8760917664208,17070.147685453907,47,16.544013259839204,42.74977382020818,5.0,1.5,9.584852264167598,0,0,0,1,0
33,1519.8382784638732,23551.041841739487,23,14.801612951901015,31.977491355380693,16.730377436279557,5.0,5.35954100403198,1,0,1,0,0
55,3833.99748093225,20089.132504390058,53,17.450516478748796,21.708908193659546,5.0,5.0,13.248002354276124,0,1,0,0,0
26,5335.851405017718,25677.130324046455,45,18.177751631995445,13.952450120890312,11.407225834469939,-1.0,9.318586659266844,0,0,0,1,0
38,2687.401725673533,30125.03628468505,38,19.90103494835606,26.511968451270256,10.529190695128852,3.5,15.695021128138436,0,0,1,0,0
25,5072.200610662512,17049.632506577316,17,15.53394698177066,10.418245711169874,10.159396153294367,2.0,11.265447132287747,0,0,0,0,1
45,3115.720462552188,16171.462063871091,13,20.07448409841283,23.715142936892445,13.257803289162627,5.0,5.0,0,0,0,0,1
22,2182.935261553102,27661.821229296078,29,11.096901970436182,27.073693796697945,9.289630280886193,1.5,6.155129650452848,0,0,0,1,0
30,1811.169133634756,28296.378309919437,21,18.635839316912524,23.100840219710754,13.582941849860191,-1.0,5.0,0,1,0,0,0
50,3755.296301864145,25924.726944824375,55,16.837561665311416,30.417736573649123,12.56462165876478,-1.0,6.117855837043305,1,0,0,0,1
25,1902.049118660764,12382.569546085204,9,15.932370610059149,27.63895989080792,20.3949294162017,5.0,5.09919497743186,0,0,0,0,1
53,3097.5322113204334,23381.24052401283,43,16.77892893665247,26.72313458671218,6.4583624327274824,5.0,10.757702471145521,0,1,0,0,0
21,4900.158030460912,20875.76483237831,49,11.157044486658151,10.0,12.117075935619306,5.0,9.051743975181173,0,0,1,0,0
38,2631.8635285543555,28420.231530797304,32,10.21301276029991,17.05294819314451,13.725380399511053,2.0,12.221619754086667,0,0,0,0,1
52,4576.811369572679,15417.02328369801,14,21.839312744307993,36.42656731854876,10.974389777870815,5.0,9.885701251978116,0,0,0,0,0
31,1542.547812328312,6667.1176708006715,52,14.32511128721092,38.04256272947444,6.651699568448647,3.5,9.279072795565495,1,0,0,0,1
41,2359.3090784198403,25521.89440304218,21,14.268026312773198,11.612232820210046,17.028411122620778,1.5,16.00962084780803,0,0,1,0,0
46,1311.4271685421004,2000.0,17,10.590762103034834,21.852818187658684,13.347737320576208,5.0,10.668467901575507,0,0,1,0,0
45,3087.596107168029,14147.892768829359,36,9.072886778012652,40.71965367599127,6.932413148293624,2.0,9.758465447492277,0,0,0,1,0
42,3936.0938156598995,11814.435909453645,29,14.646724484750871,22.81961186594851,13.75467185023304,1.5,7.439677239795871,0,0,0,0,0
47,3090.2245051274235,11760.522632754026,19,13.633648313965088,28.88509212874888,18.806264280211426,-1.0,6.472259452991118,0,0,1,0,0
33,4472.460071964182,14007.748232359234,50,15.006937426969804,44.41805329015908,11.85473626633632,5.0,12.311503055176304,0,1,0,0,0
53,2100.984911245044,29738.98855801304,30,15.348615761528698,26.38422688556606,11.991149322117751,1.5,12.132087993504577,0,0,0,0,0
54,3270.4113044268806,26564.443352050985,39,24.957844325042775,24.95280589812884,18.272020124173277,-1.0,14.714736216847,1,0,0,0,0
61,2367.0368116633726,17986.15454405996,8,13.645680077044181,28.429633094073704,8.118464072994987,2.0,11.436734779908447,0,1,0,0,0
55,3434.011902508386,29068.987774872396,29,21.319760431773787,48.53410797899828,18.910208170482726,3.5,8.820691487681362,0,0,0,0,1
21,3604.483255454911,11501.622758669007,59,21.56809686017978,34.462018362894796,15.891644281472947,5.0,11.533030836310951,0,1,0,0,0
41,3698.875151980875,10413.732914022734,47,18.014497141087936,30.19081627779768,8.303124144079938,3.5,9.759098193388178,0,1,0,0,0
26,1715.2867941172776,26908.77327397272,14,14.059494669803554,24.756400443184166,9.326924000623539,2.0,12.59615540222131,0,0,0,0,1
48,1932.3046778561175,24637.145834581177,31,9.554110655469083,35.38816928181123,9.900748665270841,1.5,14.002995480556132,0,0,0,0,1
37,2154.8547501705734,16317.892787333414,25,16.911775509335627,36.596997699307984,5.0,1.5,9.494330960848638,0,0,0,0,1
25,2713.343102560083,10916.312850414955,45,19.075248318803776,19.2682149052453,13.041886996283523,2.0,15.271928919444218,1,0,0,0,1
51,3104.623685047716,31677.85500030352,15,21.990749857131938,36.8662819194616,8.484211987008587,2.0,13.565041802864558,0,0,0,0,1
25,3849.706946228012,6239.179592417453,24,11.200168183012872,28.488477133765695,13.186205285725222,5.0,10.053053018293213,0,1,0,0,0
58,1982.281560792922,15212.592517251516,8,14.025894443258931,30.247986346286066,6.836226998699133,-1.0,12.012229825173815,1,0,0,1,0
23,1078.7768427578972,21828.61222014318,29,11.224541638308612,21.157109970116817,15.692052947577999,3.5,10.916490660940552,0,0,0,1,0
43,5586.891795848148,34417.318467451565,10,12.46608803025231,26.0001797217109,14.95050372052201,3.5,10.06598197841288,0,0,1,0,0
57,1642.256375217084,23064.80169658576,8,17.657550136942508,19.69857734777171,9.17648394375914,1.5,15.739435169419032,1,0,0,1,0
57,4003.588467594662,23842.43722410639,32,12.282780922537057,19.217818298836992,13.438596631528464,1.5,11.552813382972074,0,0,0,1,0
30,3037.5202526984094,15444.930398814982,21,11.702915290731962,33.7709022042678,12.33168223723832,5.0,7.477094918106821,0,1,0,0,0
30,3301.5667689676566,24547.84180219679,54,18.1879834548891,26.448834345568915,17.929197944611648,2.0,6.916090969214174,0,0,0,0,1
39,2998.1393929969167,20842.474567032696,20,16.802955160174186,17.00362330137584,7.870084128420511,3.5,7.038709238643317,0,0,0,0,1
37,2538.1897416634492,7292.283676659536,40,16.400044791740697,51.77052647488376,11.390808086023412,5.0,11.46851350275452,0,1,0,0,0
41,3556.7667395081507,26343.478827944855,17,12.388450567203737,18.753449606840636,9.437265453168909,1.5,8.975458983042827,0,0,0,1,0
34,2473.695352491245,27763.14711877481,46,20.172093112858807,40.92102961019334,12.179272788400672,1.5,10.999881149838332,0,1,0,0,0
29,4399.563296684148,26426.9203905693,58,15.057960789279164,15.235363583781982,14.133094411134373,3.5,12.809188854884118,0,0,1,0,0
21,3682.129207507385,20266.623405326416,49,24.520760555019077,34.56502335167795,9.392770487705164,1.5,16.086140591296868,0,0,0,0,1
33,3719.5129359377925,12350.584934802822,31,15.644664677880177,27.494396313813088,10.54357511444315,1.5,9.044580298934928,1,0,0,0,0
24,2391.452327932092,2000.0,52,5.666608632611359,23.70943268641595,15.864163192229451,-1.0,5.774348178000309,1,0,1,0,0
21,2716.374315493205,21256.428843211605,39,5.488497860892524,31.96742323765706,17.42929864770577,2.0,15.37720619599218,0,0,1,0,0
60,1574.504629629522,28655.53647792679,28,17.495799767381875,30.622598563293323,13.974064140811514,1.5,5.628697533042786,1,1,0,0,0
52,2576.3807319293255,27964.259752664646,36,20.20197660932322,21.87534816317955,11.448147605027364,-1.0,5.510713877632623,0,0,0,1,0
54,1756.1089003724433,26528.582747150784,55,11.864687480304601,21.42261119213,11.067612315851402,5.0,15.299350779900694,0,0,0,0,1
48,4575.682218706458,19406.312171604874,25,23.403915091108605,14.26085788005599,14.19250531490916,1.5,13.198694583212438,0,0,0,0,0
51,3060.6429787128072,28699.713392251975,17,21.651995747976414,33.055643843570515,12.911068005619487,5.0,11.454521023678545,0,0,1,0,0
28,3204.596682048517,27393.29459084722,28,15.842187053764592,17.461951728999914,5.404096648434788,1.5,9.850237007639578,1,0,0,0,0
59,2729.8241671799747,16618.931514227534,9,17.157815769424527,30.039749565171824,14.289540929231611,3.5,9.282387947814238,0,0,0,1,0
46,3237.0947064616894,25412.78413292678,28,18.578120869554066,35.92477984120716,8.557720842309752,-1.0,8.047521925016984,0,0,0,1,0
54,5957.85316302922,15712.326836725668,53,22.55997958928206,32.08055031824054,6.332254366097391,-1.0,9.150870477173752,0,0,0,0,0
23,2639.83165872901,24320.19385293538,53,17.728543866982324,22.768687019827418,5.326620447565097,3.5,9.857753856907834,0,0,0,0,1
32,2219.5043583480074,9607.066845591464,6,15.751726609084596,39.08812411349969,11.135582515266723,2.0,5.876650324181735,0,0,0,1,0
21,3635.6317594865313,10222.305530616628,59,17.689204790346594,25.92028521898747,7.933902551269591,-1.0,7.539314452082632,1,0,0,0,0
64,500.0,28465.65637555126,30,17.149441125796905,16.65839240995009,5.0,5.0,5.0,0,0,1,0,0
25,3076.7481442931194,27500.48097763812,7,18.697640749099975,27.162724955467223,10.566177972652756,-1.0,10.23378235630094,0,0,0,0,0
50,2553.944516048519,25068.89232460665,35,8.719906827681854,35.86797377984726,10.037716660456537,2.0,10.23430360325298,0,0,0,0,0
50,1809.2240807566868,20703.75056842264,8,16.26341379978982,23.25585685589873,11.40039554136648,5.0,15.33554630879554,0,1,0,0,0
37,3609.3092043738,2000.0,26,16.841762030318947,38.78182414970304,9.484408183830492,5.0,11.126664766097676,0,0,0,1,0
43,3064.7861021349518,19400.992494348084,30,14.708611331791312,22.296739347823493,19.317318654109112,3.5,8.331873799253867,0,0,0,0,1
35,837.1093110069396,23633.465337518704,25,18.136665776870235,23.657868063144726,14.069349178734562,1.5,9.3989349949008,0,0,0,0,1
57,2224.164574569075,15722.134019523268,54,22.684670482276164,19.539209841467475,10.001546705514091,3.5,11.460466937533305,0,1,0,0,0
41,500.0,14300.0464575341,57,15.552868524417761,36.837095369080295,11.745492650210549,1.5,10.682837879635006,1,0,0,0,1
34,3351.923176960204,31555.36310522953,27,17.766884322830762,29.467574299107977,17.65857066998139,3.5,11.734857757634794,0,0,0,0,0
22,3339.9593021281885,19517.688068867104,26,21.425059041806215,20.202380522560258,15.826491246941965,1.5,11.131134320613805,0,1,0,0,0
31,2048.0617273995917,23638.361357139045,38,15.646258023767421,26.037896577188967,6.41515274249987,-1.0,9.242067204429997,1,0,1,0,0
59,3648.135254019752,26193.05169295492,57,11.446147190564764,10.0,8.102837756693482,5.0,8.392620126781,0,0,0,1,0
58,1461.001654654173,11988.50338795938,43,17.463115396351697,37.77972363466643,8.872612503906637,1.5,8.231313388120101,0,0,0,1,0
54,1840.1795688780085,21545.65938171355,20,6.1933354528076965,28.292533605016928,10.241200196256765,-1.0,7.224186146133824,0,0,0,1,0
58,3500.628557259077,30557.155955818394,51,5.80653184814928,10.0,9.61830718849583,2.0,6.753642148676423,0,0,0,0,0
54,2173.5998940444683,34553.78546639777,57,16.33204818846503,15.433185586759182,12.136037019444311,3.5,15.515391792587426,0,0,1,0,0
38,2924.8116525570667,20319.491177717522,20,5.620118467672535,25.78405937442397,14.942885244075551,2.0,10.374130454938166,0,1,0,0,0
50,2323.6211670883886,18096.4516212234,51,9.739329030287237,16.85829240895163,15.610641157529942,-1.0,9.534095646674997,1,1,0,0,0
35,2506.882612440979,22152.192545100268,30,13.47960574595871,37.933493236860585,10.692810628402837,2.0,8.512347051481282,1,0,0,1,0
47,2559.3309408540085,21949.096376220168,26,12.114334601016454,34.18572885991154,5.461225924982416,2.0,11.286637327992798,0,0,1,0,0
54,2151.8918913381867,31094.064529049225,29,14.408773985811528,33.595359435178686,7.8383602325130335,-1.0,13.610991658168219,0,0,1,0,0
58,3362.939657232149,12028.866486663463,10,19.451480563073986,10.0,9.92090084147988,5.0,12.16979342876722,1,0,1,0,0
53,2246.485815895261,17761.015310671828,11,15.953923245455723,24.74541585793106,7.01986216299457,1.5,12.764767261934532,0,0,0,0,1
44,3018.8240565547226,11062.869384987916,54,11.642718392882163,23.023835493909438,16.563435946806457,3.5,8.240413653448064,0,0,0,0,1
35,2125.521982350716,11903.240913619382,48,20.417764291137104,20.459455458954125,7.281835765677088,1.5,9.98761227464986,0,0,0,1,0
50,1158.8416483386497,23012.592121112993,53,9.284571053823235,25.848247188362883,14.468252178940812,3.5,8.279865664423122,1,0,1,0,0
62,4094.922299111,26478.86273309621,49,15.887534035088398,18.737617929139372,5.272478579909848,1.5,10.321094196409726,0,0,1,0,0
37,3599.43238211449,14804.866450050038,52,8.839656099953181,32.15220732950218,14.628804405184216,2.0,13.817773024174631,0,1,0,0,0
25,5746.4184825572065,26176.758311802318,28,16.009271622922157,37.66551354337771,11.442925173329657,5.0,11.318211534711525,0,1,0,0,0
49,1747.23259200209,28892.629257055745,9,13.725490384429609,36.803837384236715,18.0501228092102,2.0,14.880143097988155,1,0,0,1,0
24,2749.2474152015634,35477.64798746712,32,19.328951646105473,28.620887482885195,7.47374957381468,5.0,9.134429168649575,0,0,1,0,0
30,2845.7910229730333,20557.974790728393,23,17.882757884776918,49.992396963335025,9.74354079755362,-1.0,7.57911683794886,0,0,0,1,0
37,4187.243325938558,14881.883780446937,26,12.651442672033347,41.3997511450051,10.518269594358243,3.5,11.536385460082837,0,1,0,0,0
30,2391.47052704087,11980.224547152842,33,11.884241436735035,28.984417963274485,11.389999719398752,3.5,10.356575089668457,0,1,0,0,0
37,1594.7497749889747,11185.654416640851,40,13.739613067871563,25.177277897984837,10.616076676390037,-1.0,10.968106759494002,0,0,0,0,1
40,4449.371170153203,29998.245611228853,27,22.502285840137358,43.380271627819205,10.693285736364052,1.5,10.519660488899493,1,0,0,1,0
44,2620.0199648865264,7879.237256354796,45,21.476273924432324,40.07580682762733,10.627749826457348,-1.0,8.546696879945571,0,0,0,1,0
25,4054.3722116712515,29741.9878852096,28,11.126927258525397,15.895727961757704,5.0,-1.0,10.587208143309999,0,0,1,0,0
54,3914.6380809506536,13052.47176598281,8,18.200901352005392,40.85821319228746,15.973338006431073,5.0,12.920111607487513,0,0,1,0,0
26,2964.13143131724,14518.350417124755,45,8.074274284410937,28.45626465276071,23.444546270534737,-1.0,13.228323123705863,0,0,0,0,1
22,2790.8235539583025,18787.556359920163,55,13.21063015577054,21.390884694066415,13.193084418403952,3.5,8.531450202443885,0,0,0,0,0
33,2530.1222324042346,14370.763603467909,15,11.289742588550165,10.207941407593367,7.456996608566825,2.0,10.693017795191455,0,0,0,0,0
63,2981.768245476013,27455.8380396766,30,19.277117830289765,27.310838053021985,7.8618454766068515,5.0,14.431333248644762,1,0,0,0,0
63,4035.720271404757,34506.7516158622,57,9.837129920846351,29.87772414780075,14.45269600756627,5.0,8.596327752821427,0,0,0,1,0
31,2044.2717827285046,14740.542739574896,54,16.71740094168989,45.87327654110217,13.541877903392972,1.5,8.051660801702345,0,0,0,1,0
43,3130.6147562509445,16542.097286682987,13,15.002840486263855,39.57233807748686,10.862839557786646,2.0,12.383208891906612,0,1,0,0,0
36,1657.6422861614308,18693.433541728813,16,14.298204681081959,24.171132786239653,15.013617483516741,5.0,11.856877620941436,0,0,0,1,0
51,1807.0725203493687,24328.454107941103,10,21.68633180297759,33.89342394219737,5.0,-1.0,7.489071754803667,0,0,0,1,0
31,2962.873203413251,18772.125768353148,50,22.038788769337245,38.262494226728236,15.016248508924495,5.0,5.801618209127465,0,0,0,1,0
36,647.8103900474016,31098.059288420765,58,14.422428726188114,30.859573880172153,12.95104465837957,5.0,10.634668306889042,0,0,0,0,1
28,5472.670339939263,29172.991332495418,42,13.616334797600024,24.12845840968796,8.01620803686707,5.0,8.744208706405221,0,0,0,1,0
24,1568.3280541077165,10516.3011712392,50,8.972506724787333,24.678275437565542,6.266704286477262,1.5,5.0,0,0,1,0,0
60,2951.893784812136,24167.74532459863,43,14.98296405104316,33.85473070456952,12.48530913098251,5.0,7.9383924284546055,0,0,1,0,0
24,4401.861266180237,32162.713898476024,34,22.813213022983962,34.12980565525047,17.628952547071055,5.0,11.807829445103724,0,1,0,0,0
45,1964.5135934994018,16041.752433864933,10,14.485058641888306,27.070453842364554,11.087627072011863,1.5,9.545767867267017,1,0,0,0,1
23,500.0,17645.881025651546,14,17.91503713257512,10.0,8.589259935068641,2.0,14.698312135055982,0,0,1,0,0
52,2466.065087850394,15775.704017176358,53,9.410010704322943,17.094772727087097,12.76515304054501,3.5,5.0,1,0,0,0,1
23,1950.215543908657,15943.395075811954,7,13.260900281065593,36.19688921612112,19.283487240493898,1.5,14.013977114461447,0,0,0,0,1
47,500.0,6652.387584711618,6,16.849861223210603,10.0,13.725199252254864,1.5,8.968289860701434,0,1,0,0,0
49,3341.867871086639,9373.480388279593,45,15.423449592192211,41.84181016367215,14.157607952837632,5.0,8.534735992130859,0,0,0,0,1
52,3248.512634679542,20619.78974989784,56,18.298669337642245,40.36157261138504,16.891194543882225,5.0,5.346418490055241,0,0,0,1,0
39,4370.791745446022,32108.783797222226,35,12.589312461765346,30.410963819332057,13.89022959753529,3.5,11.395245547428278,0,0,0,0,1
41,1655.0131613755352,15093.113499853738,16,8.000045804705339,35.97931034228608,8.876121171359383,5.0,5.0,0,1,0,0,0
25,1081.0362162635847,14857.941576411537,33,19.488360921289082,35.28774678358886,5.021740192407855,-1.0,12.45371093379375,0,1,0,0,0
38,2511.9323003440995,33612.16856336588,49,11.255402842916366,28.83126871633787,8.31338752088695,5.0,5.4599078048747165,0,1,0,0,0
48,2893.988809189086,11133.940305472106,17,17.026416110007936,16.261108824114302,7.581094779609301,5.0,5.9328821192892685,0,0,1,0,0
62,4105.619523583796,6710.054698348624,44,16.80342746595366,39.67272975061687,14.63723247804531,-1.0,6.426356149951955,1,0,0,1,0
42,4692.68160600619,13371.876510900001,31,8.344987219872031,44.07230011383635,15.193392205396432,3.5,7.852150097819508,0,0,1,0,0
41,4457.374960688816,14697.724169645071,18,19.196501668960103,17.914094757576578,12.702288246861952,-1.0,12.826227823298503,0,0,0,0,0
26,3331.8524002712,6020.375322439477,13,12.733731221884124,15.887449948303004,6.925232092627308,1.5,14.511869600864962,0,0,0,1,0
21,3959.3991042049774,18975.66634980311,59,15.220218487947847,28.632030952426593,19.146388095706783,-1.0,8.162219353179918,1,0,0,0,1
25,2231.407878276979,27587.570798892284,33,13.567269744137775,23.7377540436355,10.335159144641645,2.0,9.860310696081804,0,1,0,0,0
61,3202.074230970296,9712.36181028139,35,21.490366008931638,31.44949240205459,14.413924041206148,1.5,11.469751927217533,0,0,0,0,0
32,1570.4518328546326,20700.62575162871,14,20.373960832736252,42.07994039860387,12.197299346798237,5.0,9.012062908798285,0,0,0,1,0
46,3075.2224762642477,23167.485405014184,44,7.750661664917112,10.0,12.83465393299966,1.5,11.352272881878989,0,0,1,0,0
54,3106.376036877615,19332.925797805656,36,24.035308487632754,45.81271951619155,14.272736013361591,3.5,9.987761585487906,0,1,0,0,0
34,5066.554326821964,21485.540717928474,26,12.286773069939215,25.9333155812308,9.215919353596192,3.5,9.239620363730406,0,0,1,0,0
46,2725.220566211704,21578.618100761687,52,23.409746707927354,35.11778978650494,17.221609705060665,-1.0,5.740552915293708,1,0,0,1,0
47,3108.0514051839436,13498.176344652544,39,13.975161711440062,36.18725838104466,5.6819783316509085,1.5,10.44712959377401,1,0,0,1,0
29,3284.353698854451,31988.660576094946,36,13.63633317563226,37.35341154197796,7.845774775856462,5.0,12.875127113944172,0,0,0,0,0
46,2454.2156209338564,29982.054672609724,57,14.01068906768871,30.619081040299967,17.16971749734833,3.5,7.6651664567791515,1,0,0,0,1
42,2037.0087201460233,29519.291177929343,30,13.39684142008204,32.95560601786746,14.360019044417886,5.0,5.0,0,0,1,0,0
50,4558.573589816462,28109.405924350907,17,25.097586151292887,32.89022050605403,22.161564390725736,2.0,9.04134807311409,1,0,0,0,0
63,1822.8990684476428,7400.164244535808,6,14.694547202717462,23.697171992205526,12.273401774612521,3.5,14.529311934422559,0,1,0,0,0
37,1406.4983139752721,27408.49902249573,27,13.790814269845242,12.419448085628023,18.80171718583637,-1.0,13.635849806463252,0,0,0,0,1
46,3816.3184551545764,25244.811420396065,45,15.308043029971776,17.808141722348054,5.0,2.0,8.258613382652243,1,0,0,0,0
56,4389.377810428811,7707.811080449734,42,11.130659212301179,28.957620205019655,6.345940107211221,1.5,11.366545014969569,1,0,1,0,0
21,2458.308410879233,18280.717158799373,52,21.388482137161002,22.131933431036153,15.582102149667897,5.0,11.8406377394517,0,0,0,1,0
28,2476.7358148201447,22214.347594602306,6,9.115676657227475,22.15503927610465,5.038528697542059,3.5,14.471014364469,0,1,0,0,0
55,3339.0522313281517,33314.53678499708,6,12.543965571714379,47.99251045686195,11.210529571962043,2.0,5.348253111398484,0,0,1,0,0
35,2150.5767879081804,25797.79086315407,47,18.74664123938717,38.58894796659873,16.668836334588633,2.0,6.793515308111067,1,0,0,0,1
42,2061.9449752656374,13083.474181773587,59,15.169408523069729,27.479240340900265,14.004685057954672,3.5,5.0,0,0,0,0,1
34,4055.5111055836387,33563.10766761571,47,17.196860730000186,36.720349456554416,12.044380881278318,1.5,7.964772404965384,0,0,0,1,0
46,3728.557320940342,20350.23810171111,26,21.13265646674172,25.797313944090995,10.20357012468274,1.5,13.198916702406505,0,0,0,1,0
48,4573.390663581726,17953.270904775265,20,19.01520619332992,31.107234341864967,12.808903498367858,-1.0,8.320842520132958,0,1,0,0,0
43,1496.8931851614052,17383.054427289502,22,15.549905380564581,34.41628648418916,14.30899348950212,1.5,6.075433210539082,0,1,0,0,0
34,2397.04501570726,7011.558095814933,27,23.357370599407194,25.823940322281214,9.356422652055269,-1.0,10.679909252446295,0,0,0,1,0
44,3337.4154747233433,19121.84396947086,43,12.486655404815068,23.147494524629042,13.486944112048189,2.0,10.757106510362064,0,0,0,1,0
22,1889.2549802707604,23979.882058445262,40,14.598761436029788,42.23931818468504,16.313722976794843,3.5,6.948851641145997,0,0,0,0,1
46,3770.0249245855794,16916.933379798273,50,14.878238673988934,36.14112967198106,11.110087466800566,1.5,8.4818622784456,0,0,0,1,0
34,4469.552504671598,23363.619817980467,21,14.590312935932081,10.0,12.272491400562608,-1.0,10.451729561936878,0,0,0,0,0
27,2299.970433327182,13084.871432686554,13,10.72315737215536,23.318640699683897,13.935115336011112,2.0,12.237959490075367,0,0,1,0,0
23,3046.3103282724396,18872.57668577904,52,8.665400699358006,22.18727500305606,14.205336864358976,1.5,8.053382639532844,0,0,0,1,0
43,4746.74242809734,22532.322612869055,22,16.668806297516774,23.788619111876024,15.513814291993759,5.0,7.621070959867977,0,1,0,0,0
63,5159.1258900227995,21517.287016507365,22,12.466104857797372,38.62402288758895,7.9425001760722,2.0,15.737664068295823,0,0,0,0,0
38,3894.9615012724844,7156.279282247629,59,22.63123515592512,30.192059680036916,9.884309990458759,1.5,9.177921307765667,0,1,0,0,0
58,3712.115007832331,16487.952393030173,31,14.709830707059043,16.103703291444546,10.032485231801385,2.0,10.748302912642163,0,0,0,0,0
55,1975.5161583781057,33419.703442500846,18,13.99404297003404,26.167851630413843,8.384351339349292,3.5,11.945094869186889,0,0,0,1,0
35,3431.051280549409,16060.431405355857,22,19.37735914561062,35.4173764761619,5.0,3.5,5.0,0,0,1,0,0
45,3668.185008929998,20126.460352894715,43,16.608770549790886,27.803549844662456,5.0,3.5,9.944419114904482,1,1,0,0,0
57,2747.555809726745,19305.953995608445,22,14.297930288851804,23.553240488365084,16.781810847011922,5.0,5.06285114597901,0,0,0,0,0
48,2286.2684945332053,32545.91807135721,53,12.437073008942226,33.312192787385285,5.784427982209829,3.5,9.607667653697794,1,0,0,0,1
30,1462.4427918277743,30322.944977557363,19,29.6308072159963,46.181924894390775,18.26603650682363,5.0,14.119371705509465,0,0,0,1,0
59,914.7242939384491,26460.247998550476,50,16.447143049046954,34.61424832958519,14.95763795446585,3.5,7.004595019834168,1,0,1,0,0
37,662.5397840146043,12214.06149301973,11,19.337718309537586,43.00941513031699,10.377246480774987,2.0,5.00074243075653,0,0,0,1,0
59,3695.331087440714,22873.46439353664,40,10.908217919066018,24.22385782135097,14.465688419258935,1.5,15.663057330599779,0,0,0,0,1
42,3177.2391902721324,24543.533944601055,51,12.6880584543053,29.916378888759393,13.700532986854887,1.5,6.5588284737934845,1,0,1,0,0
46,2419.426642150684,14411.161315231566,19,23.449383553161155,29.714480154643176,7.592902548240905,3.5,5.504263008319029,0,0,0,0,1
64,2602.2524427304334,13035.863153218488,52,20.58772375742254,31.186790840676913,11.940088905481478,1.5,14.85709470817054,0,0,0,1,0
45,3252.5646498365813,33640.11317765624,13,16.830488414933132,34.40519606380916,8.080644909834032,3.5,6.440590234608536,0,0,0,0,0
37,2802.524314789687,17593.573502264568,20,13.473716432811905,20.81030878945222,14.616512008684369,3.5,14.934742629185873,1,0,0,1,0
33,1391.3361839954061,32919.814551289186,59,14.063856912173696,36.473326855134786,9.13911619280245,-1.0,10.822272484511963,0,0,0,1,0
40,4095.6002643291595,27976.750043956272,32,12.295557058975483,13.721140610447833,11.61348185521331,-1.0,13.851871230020311,0,0,0,1,0
45,3364.9514048037713,23263.01425900257,18,10.372602679445436,16.642433374933184,11.440804323957002,-1.0,10.558199008285753,0,1,0,0,0
24,3319.078175776618,23620.25149087588,54,18.695376737044057,51.3562610117323,12.486316002157528,5.0,13.239107094186272,0,0,0,0,1
30,4005.075244030047,8796.64351735386,36,17.155324891168235,24.89879260521124,18.65022032445609,-1.0,7.244653532257699,0,0,0,0,1
23,2023.6255727283906,21654.19823867533,58,17.94431526536909,37.295193509862024,11.036157668576328,3.5,8.159191707929999,0,0,0,0,1
61,4456.47772527101,31336.163303853013,40,13.652408048150944,46.982903924269564,16.87170856789806,2.0,5.0,1,1,0,0,0
38,2831.9485776693145,25450.71602548487,11,16.022555900532655,10.0,13.919987977340151,-1.0,12.915344433273553,0,0,0,0,0
56,4066.3186563970494,21234.693496515283,10,13.271824940103462,41.262461801557095,17.67361018414633,-1.0,11.258708029946051,0,0,0,1,0
42,3881.3388401851857,33695.49756653624,27,12.090767748918775,36.48943606259271,10.646256860740724,2.0,6.978026124011734,0,0,0,0,0
54,1753.437806396933,18519.674218713568,54,21.668249744568705,46.4039728093304,14.784544967878272,3.5,5.0,0,1,0,0,0
28,3603.480485896963,15043.554599826526,28,15.486029187362972,18.184768383353727,11.762927909598636,5.0,10.84543944587543,0,0,0,0,1
60,3391.5296050160223,21230.655328626057,30,17.02981735314616,44.51254656954613,5.0,-1.0,15.027863604316572,0,0,0,1,0
64,3036.373988993211,26131.738944892768,39,18.343016055430006,22.605855683973097,7.640625659918098,2.0,9.58611723225303,0,0,1,0,0
39,2886.7538999575427,6257.647233533913,31,15.536163544932096,40.54777814276657,14.329507783811007,3.5,8.024661884434849,0,0,1,0,0
62,2896.92810033865,22278.94914792334,52,15.962530976100618,29.6397896424556,14.065059665119994,1.5,7.188777159556096,0,0,0,0,0
61,3975.2273107727947,26482.760124290482,10,10.65349929218517,37.70768806435139,6.820090445460306,5.0,13.748046123298966,0,0,0,0,1
57,3693.492616549812,17842.86699762511,31,11.415539886253658,30.48869183305153,12.881470195352014,2.0,7.662256526769176,0,0,1,0,0
26,3036.5746203187978,28855.718130421134,25,11.208740979486214,11.60598415813271,14.013040906102022,2.0,8.886462699946954,0,0,0,0,0
46,1209.6766242343504,25129.493299288562,11,17.42183366728214,10.0,11.861337721049573,2.0,13.125204723756337,0,1,0,0,0
54,3593.332096900342,37131.06494808862,11,15.28356261128826,32.09915533983491,14.915274550638545,-1.0,11.912444814508952,0,0,0,0,0
26,3868.3363430133354,13995.17681935028,55,11.415873744937649,27.362649623686522,14.370221231715075,1.5,9.001272010039964,1,0,0,0,0
57,5760.492102536364,26645.678803968716,23,17.32039536654083,33.982209514202935,11.85942568238117,5.0,7.9030691762519645,0,0,0,0,0
53,4290.5196757260455,11861.40873762076,9,17.173825843816424,27.478465341564252,9.956700724543525,3.5,14.396734869236143,0,0,0,1,0
42,720.9883345014391,7077.068389786191,22,12.220136034802541,50.1807738271782,16.170166368370037,3.5,6.650890974682055,0,0,0,0,0
41,3094.1152788223712,3715.7532574570178,19,14.888689821482904,32.30537127828305,13.852648391515284,1.5,9.369144444617849,1,0,0,0,0
26,5173.650034397978,24306.59217917541,19,17.188566700241907,25.530522724173345,6.474269389878808,2.0,5.482370537973097,0,0,0,1,0
26,3748.258628281965,21473.98331155282,18,11.566578583522306,33.37363066346866,12.88359062432555,2.0,13.566601533811106,1,0,0,1,0
24,3394.382592447851,16167.591541105969,12,17.264907059583802,25.713252031186943,7.395901162169065,2.0,8.575342372350981,0,1,0,0,0
50,4080.2743906982832,5811.965328403096,49,16.204094416654247,30.929302341139874,8.141728270283298,2.0,7.9011226038530324,1,0,0,0,1
31,2253.1461660110363,14476.906990890591,20,11.003201177995894,17.825198127641656,9.392359858457452,2.0,11.984987396154182,0,0,1,0,0
50,3573.707995952947,20032.74406140365,24,15.879186939992408,29.914147981403946,12.179492942638808,1.5,5.723453886093578,0,0,1,0,0
51,2699.438353209707,26345.35493434478,48,16.462594346623618,25.221476039648252,13.497942310365143,-1.0,11.906144143656523,0,0,0,0,0
44,2976.4518170274305,19867.713998018993,52,12.495995495444804,18.772633746313204,10.364232443034913,5.0,8.918371623797482,1,1,0,0,0
29,3994.1454188341277,22016.482741642223,49,12.810865400535164,49.757358680726426,10.539269534825062,2.0,6.384102355659417,0,0,0,0,0
23,1887.9442770093822,16990.940952206915,40,10.96632027627524,19.16264630059834,9.987025378793275,-1.0,7.029211089214543,0,0,1,0,0
51,4545.578968562326,33993.793620217235,22,13.204004123504424,30.069642234419376,16.190054548350513,3.5,7.9473997013147875,0,0,0,1,0
60,2492.625646697348,11854.002845374176,40,14.951671958251408,21.971919650512426,5.0,1.5,8.667868973608785,0,0,0,0,1
57,3312.795399780489,14406.09426171898,24,12.821911365222718,32.97039470879875,10.765290361300869,-1.0,6.404421778476359,0,1,0,0,0
56,1319.3904476700684,16061.135408051896,25,9.06044840702445,17.256148655310824,18.179939181529463,2.0,10.88354796870414,0,0,0,1,0
44,3863.8047490456684,24341.635183813793,41,12.245647901453493,38.40356823935551,14.068920201109549,2.0,6.325834048132995,0,0,0,0,1
51,4735.804723135893,11689.121681704955,40,13.330831572751991,50.36156186358841,17.0673889622685,2.0,5.0,1,1,0,0,0
26,2382.4301409382233,21085.74872438399,37,18.26735483852901,21.6046076289933,5.0,-1.0,15.758858886392568,0,1,0,0,0
22,1667.7319361884802,21319.281147412457,53,17.37905965910772,42.169688626813205,7.031003074123509,2.0,10.593782647296901,0,0,1,0,0
40,3333.5796776912503,14445.136234132959,49,18.34488431550001,26.1812065560431,14.05619256274587,-1.0,16.028474774936726,0,0,0,1,0
48,4745.772773990091,22639.835687654857,45,12.043924412004127,45.05791121076086,18.20252237303067,2.0,6.869021949918849,1,1,0,0,0
31,1260.1721214229128,11937.488810100549,29,15.566203116317373,51.88498986095991,7.4350551326210885,3.5,11.439384142863995,0,1,0,0,0
24,1672.4301825259897,11063.406860306031,22,5.307814003993865,27.662949882915413,10.44895286917391,3.5,12.68382609658978,0,0,0,0,1
35,2454.972530026181,20796.846052171524,12,16.715681592723953,14.797339191053481,13.60585656746798,5.0,9.431961225480233,1,0,1,0,0
26,2015.5874105631651,6721.9553161754975,48,17.44359069560319,39.4808438743609,6.190006411649211,2.0,5.666650073263957,0,0,0,0,0
50,2019.3774400692055,2841.578379598097,55,13.593499328556303,32.244172079441164,14.086765038323932,2.0,9.206556597333115,0,0,1,0,0
58,500.0,24262.666406374403,6,16.181719246887127,35.01791167777641,5.0,-1.0,11.879190799288718,0,0,0,0,0
22,3706.868336887041,28391.759540729363,40,8.94030289851979,26.60154958155635,13.96895785785942,-1.0,11.764661349702095,1,0,0,1,0
35,3406.4646034435623,16265.575050459767,37,11.795732038400704,21.155071813393008,8.01966012844863,2.0,9.99511416262583,0,0,0,1,0
31,961.3809602356255,14655.434783217836,41,18.061796953729104,41.603481809669745,10.209611237934347,5.0,12.691863829515238,0,1,0,0,0
28,4748.634911947496,28044.281807796477,18,17.045013114158298,33.19789994556033,14.607535791747871,2.0,12.55025836447706,0,0,0,1,0
46,5017.310777916585,10835.69425600864,11,13.352581955820929,15.564429658162746,13.789008621969003,-1.0,8.42899719982149,0,1,0,0,0
64,2098.913340263863,9093.019002230732,19,18.24544926961884,36.86875223202894,11.968075182593182,2.0,5.4387410354253785,1,0,1,0,0
25,4399.858309172407,25661.0913896679,42,15.553192467199644,34.861685979665005,15.876162206541398,-1.0,10.571301724032367,0,0,0,1,0
26,2312.402634010865,20072.305492098458,53,12.983116144311362,26.74701075676436,5.199295949524705,2.0,7.76008730193878,0,0,1,0,0
46,3217.339812253273,28519.013914321902,20,14.268690757586825,46.19813234242322,12.817657486005656,1.5,10.431245802697871,1,0,1,0,0
24,1997.0854379749094,2877.8729697761664,52,13.178329234753857,23.818268376527357,8.839319476566068,-1.0,14.036589560655697,0,0,0,1,0
39,5657.101828154731,8794.608071051496,9,10.26489619672589,28.310135018451582,15.672125874719946,5.0,11.312476047613293,0,0,1,0,0
40,2644.7793272041226,20114.65647875325,45,20.026743223608406,37.68648087968198,14.74826827854448,1.5,13.888767127665188,1,0,0,1,0
53,3151.7388273881547,23341.389587870293,21,12.727902266829636,30.767629503307216,14.89339287545602,2.0,6.965560596950288,0,0,0,1,0
40,2174.4751350434076,26775.97670151567,33,11.670557142812354,16.155768456415636,18.58152733082854,-1.0,13.262367216042076,0,0,0,1,0
32,5233.5787166836735,21398.54215047022,21,8.882606717946565,31.837993729934297,16.50539012973991,1.5,15.029793794955,0,0,0,0,0
21,5263.937575307293,21317.241242868553,9,5.0,25.856102080347675,11.370314664906356,5.0,10.192966020124077,0,0,1,0,0
46,4957.115017515528,16884.787655758413,50,17.805987472475948,38.56996244916263,11.994928586050012,-1.0,16.966160181093066,1,0,0,0,1
34,4147.728418017146,32727.239239236143,31,18.174434748144847,31.512183439951396,14.403753522846905,1.5,7.427706364814185,0,0,0,1,0
58,2250.252543679137,11175.812356236018,33,19.772154338378833,30.94507653047391,12.544698698991319,1.5,8.083498390721644,0,0,1,0,0
57,3993.4201151549014,22872.16122044751,37,14.403842735319271,19.517488362809484,14.820693287638871,1.5,11.949806651285405,0,1,0,0,0
31,2991.5486412903174,12097.529323295841,50,13.712029890825619,27.699746920859944,5.0,3.5,10.163396634490566,0,0,0,1,0
56,4574.890346091159,24278.228366440075,7,12.969107546787434,39.70101094012654,19.523214075173264,2.0,7.771278001656315,1,0,0,1,0
33,4339.0824640384335,11703.85944489787,36,13.333769480647188,22.234636554586288,12.244114334225284,-1.0,11.857312229847304,0,0,0,0,1
63,2220.8813063088905,25950.525588003664,8,19.47916140296075,29.67449776912286,5.51013867642976,-1.0,11.06662453999718,1,0,0,0,0
23,4137.3909634046595,20896.839574596135,59,14.893939005084167,20.635539483509902,8.344826593665914,-1.0,8.241169970403254,0,0,0,0,0
53,3818.441340052712,33957.11338606945,13,16.51228318400561,18.16157358948331,5.0,1.5,10.567154878133119,0,0,0,1,0
26,500.0,17751.842821827315,29,13.231972672158385,29.151409550106475,7.639059679256997,2.0,12.277076561892777,0,0,1,0,0
30,3961.1239675553547,23399.728929980363,20,20.283391624882828,31.738011648773384,11.431006285440857,5.0,8.174623640504464,1,1,0,0,0
25,2481.8450536317523,13762.749756314322,48,7.381044482261043,49.93862939232595,18.058858449977613,-1.0,11.550987428922664,0,1,0,0,0
43,1936.7490548019919,17696.855948469645,36,10.117903301127818,25.44539616153791,13.642698341679203,2.0,7.398870317435959,0,0,1,0,0
30,1988.087274847509,20845.995835554822,14,16.518842096938233,29.498307323661177,12.931442447858302,2.0,7.978526857075458,0,0,0,1,0
64,2837.7085252415623,7782.240620229008,44,22.00244300492374,17.49926482029075,7.459581915137153,3.5,13.334761939660833,0,1,0,0,0
22,3576.07149610402,8659.008526521824,50,14.099599200964919,36.122400149069136,8.702058777385954,-1.0,11.841238879319292,0,0,0,0,0
33,1361.4455733693837,24798.874398685162,7,11.630516777090627,33.980947793532806,9.01228922651122,1.5,5.0,1,0,1,0,0
60,3227.817403454957,18831.305427746564,13,19.002650820633377,44.883946776914286,9.175485551255578,2.0,8.877326124872399,0,0,0,0,1
22,3692.1096794316863,15256.587735615823,12,16.2947937680596,41.11622151508709,10.593852495005581,2.0,11.46909032377948,0,0,0,1,0
40,5234.166940403558,14104.110556665953,49,20.160855247976976,33.51406668842283,10.895955753134077,5.0,10.416596851565014,0,0,1,0,0
21,1707.971796929844,14412.08963421045,56,9.838595661022634,25.299285004112996,10.643686505492607,3.5,11.854612735551857,0,1,0,0,0
57,2580.4653758666354,20900.405720065828,44,19.846673944043705,32.04668437890061,9.31470307892607,2.0,10.34794497934689,0,0,0,1,0
29,3313.9955672357746,23560.286912929518,47,8.806170172926914,28.88986537868239,12.540212663248905,2.0,9.602206979562002,0,0,0,0,0
37,4376.891196229927,3263.142162998207,21,13.847311415380531,39.533975332379796,10.7423408665329,1.5,9.510513592488275,0,0,0,1,0
29,2634.9313425938235,31302.672454159136,40,16.651131011295703,38.262314899624684,5.61773101511109,1.5,13.273537940783608,0,0,0,1,0
31,4438.369646389261,30733.606103535938,35,15.744053512796375,27.035845563452447,12.137527289031741,5.0,12.08481875929187,0,0,0,0,0
35,675.1652202282485,2000.0,15,19.242369343929468,15.38006220173122,11.532944008873693,5.0,11.214231411236385,0,0,0,0,0
44,1495.982168253737,28687.41357058238,43,7.693359931963106,43.33387300220424,5.681490189779296,5.0,10.266499296702333,0,0,0,1,0
58,3418.3732132010646,28441.75081064834,23,15.564029918796146,35.81873956823205,9.634794213213848,1.5,8.353543925859345,0,0,0,0,0
55,1307.0106022945497,20003.56395350036,55,19.798568131135788,26.80509929427331,14.388290244045434,1.5,9.079739007515384,0,0,1,0,0
50,1590.6353678799398,9622.65102492099,10,15.237176908288387,35.42873348103671,7.454200245357182,3.5,13.194013373310632,0,0,0,0,0
51,2366.6677629048727,28121.82473332058,58,10.430641280933191,30.74861306250029,7.031283721086026,-1.0,12.911507483608649,0,0,0,0,0
25,3925.726790298989,18070.15146962119,34,19.03002957930661,43.18617926219474,10.700465512033045,-1.0,8.0542827109137,0,0,0,1,0
64,724.8421904312531,24391.03075055165,44,12.406758919425217,10.702197681949734,14.491729079247856,3.5,10.299759543174703,0,0,1,0,0
34,3204.358034594873,37753.61017569422,39,11.702707951748486,26.028090334865674,19.241310362890783,-1.0,11.495401967842195,0,0,0,0,1
31,4239.556736583367,22014.69400498895,48,11.199456988465972,45.990545154786886,14.635741419414735,1.5,11.29955323421999,0,0,0,0,1
29,2766.0657498852497,12664.922466251504,50,14.20525954820415,35.631984034673124,16.33931096062443,-1.0,11.276448049190295,1,1,0,0,0
54,2557.403724488952,17314.152040642228,28,15.732240881491483,47.72606668314208,13.386790514006655,1.5,6.663775544869792,0,0,0,0,0
32,3482.1255390702886,13684.4371180721,10,9.923599781187683,17.781929068365358,9.25953608142908,3.5,6.485547734356569,0,0,0,0,0
55,2769.4667367342718,23467.917739588178,35,10.745416493080224,40.721967159384874,14.60684430638765,5.0,13.51058423008394,1,0,1,0,0
55,4668.599737488896,13551.45953000156,11,12.222068496551127,40.12224423453833,11.657567804287517,3.5,14.527075596675562,0,0,0,0,1
21,1666.304385438678,16217.188621202855,51,11.180045408453438,13.18271464671166,13.508135351312053,-1.0,5.555436582869629,0,1,0,0,0
60,2938.027013801898,9724.557004739201,49,15.147032906197719,27.04497710466916,8.215880694596155,1.5,9.916719590066009,0,0,1,0,0
42,3246.823649952821,18943.30395584685,9,16.44488638560352,28.934708948059168,13.865783203359223,-1.0,12.442152391999967,0,0,0,0,0
49,2545.8551377842487,21414.038346416397,34,15.895495241066373,13.804439712325944,11.517967212936414,-1.0,5.0,0,0,0,0,1
28,500.0,2000.0,28,15.90132755499121,27.25397673479561,12.925030988736335,5.0,6.779986425762866,0,1,0,0,0
31,2806.9141103409684,22076.58849184177,11,21.683966861154445,38.73183140778606,11.659707300699472,-1.0,9.72340893361861,0,0,0,1,0
61,4080.2123842949595,19634.398151225767,37,16.694734398508622,26.0907694047526,10.891187538633268,5.0,8.208284031825352,0,0,0,0,1
57,3933.7310233512208,13880.064409950981,47,18.135856991556988,32.42133155674026,13.938763118473634,1.5,10.627430503436646,0,1,0,0,0
34,3425.7341786042393,36229.031394158985,23,13.341537000892108,32.49370282727652,10.375635484433746,1.5,14.411446083051064,0,0,1,0,0
50,1682.5651699809318,27667.812220838037,20,18.776024570645966,29.87856588861234,5.645247478489641,5.0,7.4416071174603005,0,0,0,1,0
55,3474.3713549501804,11228.780110788788,45,13.150589904826713,22.948179759745713,5.0,3.5,10.150818673946123,0,1,0,0,0
41,2311.8746141493143,26705.895036569123,37,16.64579331035436,36.58813974883898,12.73766627770791,1.5,8.96561163101745,0,1,0,0,0
57,3424.1794871384,29955.984608168463,14,9.51453252727047,14.129662384740085,10.211128741084575,3.5,10.409095924219418,0,0,0,0,0
25,3145.8060136820586,21056.167380940456,42,15.664936527952486,30.085881385081827,5.083603290271798,1.5,10.017400357348281,0,0,0,0,1
39,1828.349674459954,22891.536295578604,15,11.09847905932265,43.854863405180886,12.426139868215122,1.5,17.911594597397627,0,0,0,0,0
34,1929.0529927717157,22706.773335372727,25,18.74414261793563,25.526267501587846,11.624501780106563,2.0,14.46873237654274,1,0,0,1,0
46,3426.02694530582,3313.473128613692,11,18.503505847995136,22.726787784977226,10.00154562710907,-1.0,5.257193438088304,1,1,0,0,0
24,2734.664285653798,18505.043225196805,53,13.13349044976363,37.25516138775377,12.98723727272341,-1.0,7.299595711082475,0,0,0,0,0
45,1991.6622832114451,18088.69726412777,8,23.19829971449816,31.63431760587132,17.260376040431215,3.5,7.666428225374158,0,0,0,0,1
62,1892.6037723278002,31441.245092479025,47,13.8564868152261,37.45447282056932,17.138362874740558,-1.0,6.297173547616596,0,0,0,1,0
45,2635.402982416541,22669.822908494985,16,8.551924397309891,30.384984856952723,12.57505857243434,3.5,5.894911057632596,0,0,1,0,0
38,4881.725753661852,17619.112303066442,48,11.883528118549279,10.0,11.661158268548586,1.5,9.464900725915653,1,0,0,0,0
60,2368.7063613456494,19279.00207207191,22,10.823435910568596,41.79913410425699,12.630940830446724,2.0,7.780937307965076,0,0,0,1,0
28,2983.1765540908937,28187.08465301921,37,16.518408407145017,50.70026382478275,13.236027731097392,2.0,7.327619000602105,1,0,1,0,0
59,3121.9731452274123,18523.322694037477,9,10.058547893310191,42.840410068362864,10.92680729176778,1.5,16.06142193127839,0,0,0,0,0
60,1642.7683302096684,14414.435735267129,9,12.843143936775018,10.0,12.69817223981241,5.0,7.987367137720959,0,0,0,1,0
34,884.601019388766,17794.38245663307,22,16.258208682147078,34.510882125055666,5.705481715832811,5.0,8.670496816560396,0,0,0,1,0
52,1768.031118317123,27525.569150581458,46,15.554583578847211,25.332541894249538,12.325395533387058,-1.0,12.224369460977845,0,0,0,0,0
58,3296.492853367564,23969.31924478349,24,14.949424750632883,19.15756246388291,13.907254380098419,3.5,8.66041458377676,0,0,0,1,0
53,3104.797269498491,20354.14378679291,10,15.504002076176269,31.22732161638273,10.040632231974376,2.0,6.502979468644892,0,1,0,0,0
43,3842.8878829812784,21532.314395558642,37,13.517999609969383,28.510527051002793,11.618109422855605,-1.0,9.226180888444809,0,0,0,0,0
35,3116.0998739509396,15522.060211236145,27,8.584991777334679,35.08657804279841,7.553978477195504,1.5,16.026200268688306,0,0,0,1,0
53,2868.5408502369555,18448.40479645877,11,13.41264711702142,30.56580189305454,6.998745668162746,2.0,8.555673729205227,0,0,1,0,0
45,2275.1852700898476,14693.565425803863,40,16.874999137261142,18.791878931110233,12.843260311836763,3.5,7.26469979251045,0,0,1,0,0
37,4061.5281478352317,17641.76572560205,27,14.452260045562383,24.23398223257029,9.081747937049535,3.5,11.260690992547064,1,1,0,0,0
53,1896.9838335351399,30769.426109013,6,16.565953492522002,22.62041443674984,5.0,5.0,9.082256537020088,0,0,0,0,0
22,1667.520579244775,11377.02550898248,25,12.65286788196206,12.835168232555539,7.552886803462232,-1.0,18.216982383019136,0,0,0,1,0
34,3680.4666208657236,14490.25866861668,27,18.977344319511715,16.283553560461165,8.134483624831724,1.5,7.639309144820198,1,0,0,1,0
60,1400.2112272156141,9965.609096513985,53,5.0,27.889313301148057,15.098321990926966,2.0,15.20119216063015,0,0,1,0,0
60,5897.749198390357,8232.729942499214,16,15.565762051693419,44.23754075307279,12.716456045473869,3.5,13.490168649667135,0,1,0,0,0
